9352	1
8267	2
2396	3
6296	4
9795	5
1830	6
1001	7
6159	8
7142	9
2287	10
6114	11
9697	12
9159	13
5578	14
4590	15
429	16
8177	17
8096	18
9589	19
3023	20
8092	21
6027	22
4192	23
6547	24
8634	25
9413	26
7177	27
5366	28
6387	29
97	30
3037	31
7768	32
569	33
77	34
5800	35
7607	36
1501	37
4150	38
9066	39
2911	40
5648	41
2812	42
3158	43
2244	44
360	45
1643	46
3417	47
713	48
822	49
4140	50
4011	51
2136	52
8291	53
2740	54
2057	55
2305	56
6225	57
7346	58
4327	59
5711	60
1726	61
4083	62
6158	63
4539	64
2808	65
9124	66
457	67
4804	68
639	69
2690	70
5079	71
8515	72
5880	73
6177	74
2754	75
2803	76
7496	77
9286	78
4933	79
9723	80
7560	81
9096	82
622	83
2420	84
2969	85
8610	86
8075	87
2252	88
9309	89
2266	90
1459	91
5487	92
8184	93
9462	94
4015	95
3687	96
6581	97
7054	98
161	99
4460	100
2531	101
6472	102
703	103
2700	104
8991	105
666	106
7363	107
3924	108
1699	109
87	110
8181	111
4951	112
7994	113
6919	114
9356	115
2757	116
381	117
7099	118
5489	119
9326	120
3725	121
7333	122
7176	123
8439	124
9531	125
306	126
7397	127
732	128
5423	129
1411	130
6734	131
1851	132
1567	133
3447	134
6742	135
6451	136
7613	137
1892	138
9460	139
8932	140
557	141
8600	142
6083	143
4088	144
6367	145
7372	146
7546	147
4632	148
1062	149
2329	150
5608	151
9819	152
4449	153
9735	154
4469	155
5295	156
3734	157
6295	158
9603	159
678	160
7790	161
449	162
5613	163
9064	164
9612	165
196	166
4660	167
4013	168
1621	169
5467	170
5501	171
8436	172
370	173
4450	174
4434	175
2234	176
1687	177
2668	178
6065	179
7046	180
6433	181
8372	182
2943	183
8722	184
5211	185
2792	186
1650	187
1767	188
3059	189
6116	190
7612	191
8158	192
7520	193
7491	194
9430	195
7893	196
8046	197
1651	198
6968	199
8352	200
4036	201
8814	202
4688	203
9543	204
949	205
3886	206
820	207
9217	208
206	209
327	210
2188	211
5312	212
1477	213
5741	214
5710	215
5703	216
5709	217
1082	218
914	219
5376	220
6111	221
7811	222
6973	223
1196	224
2773	225
6487	226
6434	227
2346	228
1480	229
4147	230
1407	231
8138	232
938	233
870	234
24	235
6909	236
1590	237
3769	238
5460	239
3723	240
4631	241
5406	242
6936	243
1395	244
9359	245
4992	246
8740	247
4842	248
8252	249
9383	250
4530	251
3444	252
3046	253
6	254
8424	255
9724	256
7977	257
9399	258
2126	259
4424	260
1955	261
695	262
700	263
6297	264
2796	265
1038	266
2087	267
4703	268
5107	269
2946	270
9135	271
95	272
7453	273
2393	274
926	275
1288	276
1340	277
8124	278
2435	279
5890	280
4666	281
9577	282
8495	283
6419	284
6730	285
3535	286
1978	287
6143	288
5806	289
121	290
7996	291
5169	292
3876	293
8208	294
1056	295
5689	296
9078	297
4515	298
5389	299
210	300
4723	301
8027	302
9661	303
8802	304
8126	305
8387	306
8935	307
8824	308
524	309
9548	310
4021	311
7064	312
439	313
241	314
5760	315
3727	316
8816	317
9670	318
2064	319
6538	320
6244	321
3716	322
7810	323
7234	324
4777	325
244	326
7898	327
675	328
7967	329
7399	330
5751	331
504	332
7755	333
217	334
817	335
7572	336
1433	337
6981	338
1458	339
9655	340
7692	341
130	342
4728	343
4025	344
2010	345
8405	346
2406	347
7120	348
6510	349
9120	350
1565	351
4200	352
153	353
4157	354
8404	355
3207	356
46	357
5604	358
6741	359
3669	360
1986	361
3060	362
2984	363
8883	364
2466	365
3996	366
2665	367
2029	368
6176	369
3848	370
4885	371
4829	372
3148	373
7042	374
9137	375
2410	376
3331	377
6471	378
6131	379
2932	380
2106	381
5361	382
7869	383
2444	384
7632	385
4291	386
302	387
918	388
9400	389
3399	390
9305	391
9479	392
447	393
6573	394
4921	395
851	396
4609	397
1635	398
6512	399
8364	400
4130	401
2901	402
8762	403
2442	404
7962	405
3668	406
455	407
2952	408
5448	409
3114	410
5813	411
2425	412
7788	413
875	414
4624	415
7710	416
3744	417
915	418
2067	419
1299	420
8874	421
1765	422
1720	423
8247	424
7727	425
417	426
1180	427
5068	428
7952	429
3002	430
8161	431
6799	432
6895	433
806	434
6767	435
3845	436
4744	437
8408	438
9095	439
1144	440
5462	441
7119	442
6149	443
401	444
4990	445
147	446
4658	447
8290	448
543	449
128	450
3525	451
3040	452
1571	453
9484	454
958	455
7682	456
1503	457
6353	458
4903	459
8560	460
4721	461
1634	462
8407	463
5598	464
9651	465
9788	466
1865	467
5303	468
3867	469
502	470
6293	471
8109	472
4729	473
3473	474
36	475
5479	476
7437	477
699	478
3618	479
4149	480
3501	481
3333	482
6584	483
1811	484
6523	485
341	486
7843	487
5914	488
9650	489
6147	490
2652	491
8276	492
6170	493
6628	494
6082	495
2979	496
7946	497
2586	498
1805	499
9682	500
3517	501
5737	502
2181	503
8954	504
6006	505
5007	506
3085	507
26	508
2236	509
5664	510
2610	511
3099	512
8222	513
3699	514
6328	515
3737	516
7675	517
178	518
6211	519
2930	520
1992	521
2873	522
4392	523
9552	524
5692	525
1701	526
5066	527
5555	528
2631	529
9260	530
7202	531
125	532
9200	533
6483	534
225	535
8238	536
1333	537
814	538
2569	539
6447	540
6252	541
4238	542
4101	543
5949	544
9617	545
8340	546
7116	547
4944	548
7551	549
5939	550
5938	551
9800	552
5382	553
4380	554
4297	555
6687	556
8939	557
3322	558
2771	559
920	560
7335	561
5465	562
2055	563
3379	564
7918	565
8849	566
8113	567
6787	568
5545	569
5293	570
3204	571
1820	572
1804	573
2660	574
3238	575
4724	576
2751	577
8054	578
3615	579
8272	580
205	581
7386	582
6758	583
2187	584
5401	585
3542	586
7091	587
6360	588
5638	589
2072	590
1730	591
7405	592
692	593
1306	594
7378	595
1766	596
1367	597
1368	598
1369	599
6843	600
4132	601
1737	602
5490	603
3592	604
4049	605
234	606
5889	607
4033	608
230	609
1749	610
1764	611
3056	612
2414	613
4265	614
4462	615
3659	616
7477	617
47	618
38	619
229	620
19	621
636	622
1422	623
7606	624
3469	625
1518	626
3902	627
2166	628
4232	629
1616	630
975	631
2856	632
6830	633
6344	634
2860	635
5502	636
5040	637
2677	638
251	639
3326	640
8053	641
8823	642
39	643
4048	644
7912	645
8219	646
8837	647
6768	648
537	649
1034	650
8280	651
5437	652
6013	653
250	654
155	655
4480	656
9087	657
2375	658
1484	659
2183	660
4199	661
2632	662
2589	663
8580	664
8423	665
4790	666
6521	667
4173	668
1711	669
114	670
5025	671
5787	672
4463	673
3952	674
4892	675
663	676
2090	677
893	678
4593	679
8296	680
5749	681
1692	682
9018	683
8809	684
2225	685
3649	686
9030	687
8199	688
218	689
2129	690
4131	691
612	692
3611	693
5109	694
1178	695
6760	696
5001	697
6236	698
2728	699
625	700
2170	701
7726	702
9450	703
467	704
2786	705
5565	706
4490	707
4636	708
7131	709
7164	710
5248	711
6068	712
6980	713
607	714
310	715
4809	716
7095	717
413	718
9515	719
8563	720
1490	721
3994	722
6318	723
9563	724
6379	725
4405	726
7312	727
3083	728
3082	729
4551	730
7223	731
1854	732
6990	733
2357	734
5318	735
6363	736
5612	737
7506	738
2355	739
3790	740
2078	741
8628	742
3175	743
2842	744
2745	745
4360	746
9474	747
187	748
9072	749
61	750
4095	751
6153	752
7678	753
4325	754
3626	755
9219	756
1077	757
8986	758
9429	759
5845	760
7835	761
1434	762
8792	763
1040	764
5181	765
680	766
2235	767
7604	768
1444	769
5180	770
5625	771
7484	772
8963	773
4301	774
6275	775
1448	776
832	777
5461	778
6441	779
7082	780
3411	781
5629	782
9592	783
9212	784
6949	785
5879	786
6563	787
8617	788
6024	789
4577	790
83	791
4376	792
9565	793
9806	794
3236	795
9425	796
1629	797
5540	798
1430	799
591	800
7704	801
2950	802
8170	803
1122	804
3514	805
1727	806
2609	807
8318	808
8385	809
4950	810
3254	811
4184	812
4194	813
4197	814
873	815
4190	816
2580	817
2430	818
7655	819
7700	820
5481	821
6172	822
4007	823
1124	824
1533	825
72	826
2884	827
8839	828
5289	829
9151	830
3394	831
5091	832
9156	833
5	834
679	835
3768	836
7166	837
6126	838
3673	839
6099	840
7785	841
7649	842
3806	843
2712	844
8074	845
6915	846
5650	847
8717	848
3247	849
9382	850
2582	851
5284	852
2956	853
2960	854
8153	855
8635	856
9377	857
4900	858
2330	859
1493	860
2189	861
7390	862
2286	863
4322	864
6175	865
5005	866
3000	867
8505	868
3818	869
1570	870
6036	871
837	872
2805	873
8592	874
7836	875
7515	876
6220	877
9501	878
7894	879
2767	880
228	881
5260	882
1860	883
3987	884
6309	885
1633	886
6993	887
9448	888
8927	889
8540	890
7324	891
8100	892
2854	893
2903	894
2539	895
149	896
2736	897
157	898
9388	899
3293	900
2413	901
664	902
222	903
7141	904
282	905
6788	906
9626	907
3776	908
9057	909
3154	910
7866	911
2470	912
74	913
2698	914
1311	915
7897	916
8273	917
6237	918
6103	919
4819	920
4079	921
5919	922
6123	923
5995	924
2937	925
8591	926
3904	927
3681	928
6269	929
5855	930
1128	931
9390	932
8650	933
7394	934
93	935
2794	936
3515	937
5934	938
8704	939
601	940
785	941
7182	942
1345	943
6912	944
5547	945
1498	946
9058	947
1911	948
610	949
6115	950
5151	951
5189	952
5503	953
8437	954
2810	955
319	956
7950	957
8388	958
7995	959
4928	960
2701	961
4687	962
544	963
8541	964
7261	965
9176	966
7696	967
3543	968
7677	969
8196	970
2279	971
6183	972
758	973
8468	974
2611	975
6242	976
8251	977
6078	978
2238	979
9502	980
2173	981
258	982
8147	983
2520	984
6568	985
9688	986
8099	987
8185	988
7447	989
6306	990
155	991
3168	992
7725	993
2809	994
2855	995
6286	996
6288	997
2790	998
7884	999
3532	1000
9809	1001
3705	1002
5801	1003
4366	1004
9180	1005
4678	1006
127	1007
5559	1008
394	1009
9028	1010
399	1011
7542	1012
3743	1013
959	1014
7684	1015
9796	1016
4576	1017
4035	1018
1985	1019
8949	1020
6626	1021
5673	1022
22	1023
4649	1024
61	1025
3205	1026
5952	1027
2222	1028
3314	1029
8305	1030
2153	1031
9065	1032
492	1033
6347	1034
795	1035
6997	1036
2764	1037
112	1038
535	1039
4503	1040
2533	1041
159	1042
8304	1043
7197	1044
3043	1045
7639	1046
3001	1047
9739	1048
2313	1049
7145	1050
4730	1051
7818	1052
4094	1053
3629	1054
4455	1055
823	1056
8217	1057
280	1058
8951	1059
3789	1060
2554	1061
5864	1062
7960	1063
4889	1064
2782	1065
5372	1066
690	1067
3579	1068
3457	1069
2568	1070
86	1071
3346	1072
2366	1073
4918	1074
6210	1075
3436	1076
5925	1077
34	1078
308	1079
6553	1080
3791	1081
3619	1082
3067	1083
3104	1084
267	1085
9465	1086
1425	1087
139	1088
1906	1089
6671	1090
1990	1091
3836	1092
532	1093
285	1094
7267	1095
7729	1096
1396	1097
2924	1098
8640	1099
2005	1100
275	1101
5572	1102
1745	1103
4520	1104
2947	1105
8639	1106
277	1107
7016	1108
7411	1109
558	1110
5990	1111
7464	1112
9197	1113
6127	1114
6618	1115
8001	1116
2446	1117
4882	1118
6212	1119
1235	1120
6598	1121
1781	1122
2547	1123
634	1124
5344	1125
6974	1126
7388	1127
3327	1128
1923	1129
1042	1130
7255	1131
386	1132
8542	1133
9537	1134
8253	1135
4146	1136
3061	1137
2125	1138
2959	1139
2961	1140
6011	1141
7020	1142
6630	1143
5196	1144
5088	1145
747	1146
6951	1147
5046	1148
3377	1149
6635	1150
160	1151
9473	1152
6305	1153
1636	1154
8412	1155
3049	1156
4985	1157
3134	1158
9691	1159
7848	1160
5977	1161
29	1162
109	1163
8402	1164
6059	1165
2097	1166
104	1167
3760	1168
8546	1169
3607	1170
722	1171
1449	1172
4418	1173
6722	1174
5168	1175
888	1176
7028	1177
5339	1178
2000	1179
7708	1180
2643	1181
1182	1182
5946	1183
2532	1184
8392	1185
3741	1186
1155	1187
4316	1188
6715	1189
6862	1190
4557	1191
7221	1192
158	1193
5101	1194
671	1195
5832	1196
3500	1197
3188	1198
1115	1199
3373	1200
3565	1201
6888	1202
3362	1203
997	1204
5267	1205
11	1206
9532	1207
1485	1208
6857	1209
1343	1210
8632	1211
4886	1212
5920	1213
6498	1214
3606	1215
8167	1216
1888	1217
9470	1218
8401	1219
9160	1220
9226	1221
8321	1222
1834	1223
274	1224
7468	1225
7782	1226
2573	1227
3064	1228
5763	1229
8361	1230
9402	1231
4683	1232
9731	1233
3468	1234
4333	1235
1228	1236
6711	1237
7786	1238
9364	1239
1284	1240
1937	1241
9101	1242
3648	1243
1604	1244
9785	1245
9536	1246
2987	1247
900	1248
8294	1249
4974	1250
2620	1251
2571	1252
7585	1253
4487	1254
4439	1255
8921	1256
67	1257
2576	1258
5238	1259
8469	1260
7581	1261
3382	1262
1053	1263
1421	1264
8396	1265
8082	1266
7125	1267
2962	1268
2564	1269
3625	1270
7130	1271
9478	1272
292	1273
8930	1274
913	1275
2132	1276
6979	1277
6108	1278
3798	1279
3264	1280
9244	1281
9613	1282
4766	1283
3229	1284
1866	1285
4470	1286
4329	1287
5802	1288
9266	1289
5750	1290
4607	1291
81	1292
3803	1293
1729	1294
3874	1295
3809	1296
8903	1297
7203	1298
8901	1299
4581	1300
5652	1301
1132	1302
5811	1303
4583	1304
2015	1305
8491	1306
841	1307
4387	1308
98	1309
3169	1310
1469	1311
536	1312
882	1313
8233	1314
9320	1315
1685	1316
682	1317
1339	1318
6693	1319
8902	1320
2550	1321
2318	1322
1388	1323
6748	1324
2261	1325
4550	1326
4342	1327
9035	1328
1435	1329
6351	1330
1505	1331
8128	1332
2034	1333
6772	1334
3612	1335
7697	1336
1027	1337
2147	1338
8497	1339
5907	1340
5876	1341
9004	1342
2687	1343
3835	1344
6615	1345
9721	1346
8961	1347
9332	1348
2331	1349
6493	1350
8229	1351
2942	1352
438	1353
9494	1354
6128	1355
2514	1356
1171	1357
3470	1358
7978	1359
9122	1360
5055	1361
649	1362
691	1363
6924	1364
7213	1365
2038	1366
1324	1367
992	1368
5443	1369
8842	1370
3675	1371
1735	1372
1769	1373
1370	1374
1372	1375
1371	1376
8558	1377
3068	1378
3901	1379
7552	1380
9712	1381
8173	1382
5358	1383
4198	1384
9779	1385
7999	1386
3908	1387
5141	1388
3839	1389
5094	1390
159	1391
7976	1392
7475	1393
7380	1394
6807	1395
7503	1396
1055	1397
7953	1398
3121	1399
1037	1400
5172	1401
7957	1402
4038	1403
1436	1404
9391	1405
434	1406
134	1407
5597	1408
7559	1409
6998	1410
1647	1411
8263	1412
2259	1413
9808	1414
148	1415
7355	1416
3423	1417
3309	1418
1774	1419
8114	1420
1016	1421
2977	1422
5364	1423
6646	1424
546	1425
6412	1426
3690	1427
561	1428
7895	1429
4045	1430
517	1431
4670	1432
2657	1433
8528	1434
6917	1435
8288	1436
3042	1437
4030	1438
2298	1439
2304	1440
3093	1441
6119	1442
5754	1443
4246	1444
941	1445
4193	1446
4186	1447
9602	1448
6616	1449
4262	1450
874	1451
7321	1452
8976	1453
1994	1454
576	1455
3689	1456
5921	1457
7068	1458
9398	1459
7482	1460
5008	1461
4786	1462
4494	1463
1048	1464
365	1465
2683	1466
8024	1467
2535	1468
5175	1469
5018	1470
7410	1471
5197	1472
4911	1473
2432	1474
8710	1475
1626	1476
2513	1477
9487	1478
5843	1479
6795	1480
7117	1481
1222	1482
1150	1483
2600	1484
1670	1485
1548	1486
9041	1487
4661	1488
4693	1489
2838	1490
3638	1491
999	1492
3284	1493
6155	1494
4578	1495
4255	1496
5031	1497
188	1498
1806	1499
8205	1500
4488	1501
2324	1502
7038	1503
311	1504
9106	1505
9703	1506
2162	1507
6073	1508
6727	1509
3527	1510
5667	1511
3195	1512
1960	1513
5394	1514
8851	1515
8905	1516
6910	1517
8846	1518
8856	1519
3319	1520
9642	1521
9347	1522
1057	1523
5106	1524
8026	1525
6405	1526
6898	1527
2772	1528
9467	1529
42	1530
7717	1531
2727	1532
5268	1533
1743	1534
3461	1535
7359	1536
5913	1537
3591	1538
562	1539
4588	1540
2400	1541
407	1542
4081	1543
460	1544
9615	1545
9392	1546
57	1547
4324	1548
3559	1549
2776	1550
238	1551
2405	1552
4390	1553
3090	1554
5536	1555
4070	1556
3074	1557
3878	1558
1268	1559
1615	1560
3311	1561
1296	1562
8241	1563
6294	1564
654	1565
6723	1566
6388	1567
970	1568
6828	1569
9275	1570
5903	1571
8048	1572
6594	1573
1821	1574
2819	1575
3194	1576
3196	1577
3199	1578
2843	1579
3193	1580
3192	1581
3198	1582
1874	1583
7855	1584
7857	1585
4794	1586
2484	1587
3221	1588
3491	1589
3139	1590
6478	1591
16	1592
1186	1593
1861	1594
5571	1595
9791	1596
2558	1597
5834	1598
2196	1599
9759	1600
6148	1601
8636	1602
4077	1603
9658	1604
597	1605
2247	1606
5654	1607
587	1608
8917	1609
19	1610
9737	1611
2219	1612
8599	1613
5014	1614
1778	1615
2363	1616
4651	1617
1856	1618
3170	1619
7340	1620
440	1621
2806	1622
7445	1623
1307	1624
9822	1625
8382	1626
4668	1627
3363	1628
1880	1629
8112	1630
7204	1631
8811	1632
7543	1633
4827	1634
5420	1635
5936	1636
1719	1637
7948	1638
2074	1639
6846	1640
8193	1641
9005	1642
9509	1643
174	1644
4102	1645
7062	1646
2176	1647
7077	1648
3986	1649
8278	1650
1199	1651
6052	1652
4818	1653
8880	1654
5926	1655
8275	1656
5696	1657
1106	1658
3974	1659
6316	1660
2004	1661
5050	1662
7929	1663
3608	1664
9654	1665
8597	1666
3097	1667
8686	1668
9204	1669
6048	1670
2515	1671
1188	1672
7374	1673
6315	1674
1742	1675
1355	1676
340	1677
1356	1678
9296	1679
5727	1680
641	1681
3931	1682
3474	1683
7110	1684
4391	1685
2949	1686
2328	1687
424	1688
3036	1689
8623	1690
2845	1691
6002	1692
8164	1693
5546	1694
7955	1695
4857	1696
326	1697
3970	1698
2052	1699
7	1700
249	1701
9644	1702
8444	1703
2981	1704
1810	1705
9048	1706
9100	1707
7115	1708
30	1709
3313	1710
1468	1711
8317	1712
6221	1713
6079	1714
6519	1715
5685	1716
4726	1717
388	1718
4479	1719
1275	1720
7917	1721
42	1722
2233	1723
6479	1724
6436	1725
4300	1726
3596	1727
4732	1728
4971	1729
6525	1730
254	1731
1309	1732
3522	1733
8833	1734
9449	1735
5997	1736
8101	1737
9209	1738
1461	1739
4792	1740
3745	1741
121	1742
3538	1743
184	1744
3266	1745
4108	1746
8958	1747
7529	1748
7339	1749
5116	1750
8106	1751
1733	1752
8799	1753
450	1754
9084	1755
2602	1756
1827	1757
7175	1758
2983	1759
1526	1760
9522	1761
1983	1762
3315	1763
7567	1764
7041	1765
1964	1766
4249	1767
6878	1768
6400	1769
9601	1770
6508	1771
2897	1772
65	1773
5517	1774
3670	1775
2601	1776
9287	1777
6796	1778
1544	1779
8406	1780
2696	1781
6231	1782
2349	1783
657	1784
6122	1785
3337	1786
8968	1787
2001	1788
8440	1789
6259	1790
2213	1791
964	1792
5553	1793
1202	1794
2035	1795
2145	1796
9458	1797
7969	1798
9483	1799
3785	1800
1543	1801
3682	1802
9816	1803
3055	1804
9498	1805
631	1806
7738	1807
5396	1808
7297	1809
336	1810
7084	1811
6931	1812
3700	1813
1785	1814
7440	1815
8648	1816
5714	1817
831	1818
4085	1819
1195	1820
1936	1821
3028	1822
2433	1823
8677	1824
9299	1825
6701	1826
4532	1827
4239	1828
4056	1829
673	1830
1988	1831
3077	1832
3372	1833
2976	1834
2585	1835
2791	1836
2619	1837
3800	1838
615	1839
1488	1840
7991	1841
77	1842
3851	1843
1230	1844
4245	1845
8683	1846
4525	1847
7618	1848
6292	1849
4440	1850
6250	1851
3951	1852
90	1853
5321	1854
5349	1855
6187	1856
9329	1857
4662	1858
802	1859
2374	1860
6354	1861
7118	1862
1069	1863
2849	1864
3223	1865
9610	1866
6617	1867
7249	1868
7617	1869
5844	1870
1580	1871
471	1872
4481	1873
8664	1874
7522	1875
3918	1876
4420	1877
8680	1878
6061	1879
8828	1880
7426	1881
7875	1882
8189	1883
2301	1884
1786	1885
7401	1886
8115	1887
9403	1888
5223	1889
3299	1890
1376	1891
3777	1892
4521	1893
2702	1894
481	1895
8459	1896
5093	1897
763	1898
245	1899
9173	1900
5715	1901
26	1902
3724	1903
3383	1904
59	1905
7659	1906
2641	1907
3714	1908
1205	1909
219	1910
5632	1911
7808	1912
6531	1913
4171	1914
3265	1915
1374	1916
1768	1917
2926	1918
1257	1919
2148	1920
2103	1921
8742	1922
4126	1923
3686	1924
106	1925
906	1926
1347	1927
6008	1928
839	1929
9201	1930
813	1931
6596	1932
1818	1933
6018	1934
5687	1935
7036	1936
7264	1937
1578	1938
1901	1939
44	1940
1323	1941
5009	1942
6146	1943
6866	1944
6821	1945
1948	1946
2980	1947
3308	1948
8643	1949
44	1950
944	1951
7100	1952
3855	1953
7199	1954
1046	1955
71	1956
5191	1957
8752	1958
8242	1959
1974	1960
9157	1961
2536	1962
1987	1963
4808	1964
9495	1965
3487	1966
7892	1967
4018	1968
5475	1969
3787	1970
6689	1971
716	1972
8676	1973
5716	1974
5702	1975
8550	1976
9574	1977
3963	1978
5214	1979
9511	1980
1310	1981
7803	1982
1482	1983
1714	1984
2100	1985
9031	1986
4237	1987
5156	1988
4247	1989
3101	1990
3413	1991
3332	1992
2362	1993
8118	1994
7541	1995
6067	1996
2093	1997
7538	1998
272	1999
80	2000
7056	2001
2002	2002
4866	2003
151	2004
461	2005
4377	2006
8892	2007
8877	2008
5441	2009
4768	2010
331	2011
8137	2012
7754	2013
4303	2014
530	2015
8283	2016
4220	2017
7986	2018
2656	2019
3828	2020
4400	2021
7451	2022
8910	2023
9272	2024
4284	2025
115	2026
4742	2027
573	2028
6926	2029
9060	2030
5424	2031
7342	2032
4700	2033
2850	2034
2724	2035
6106	2036
5535	2037
2345	2038
9516	2039
8800	2040
39	2041
3191	2042
1342	2043
7844	2044
693	2045
7561	2046
7449	2047
4189	2048
9593	2049
41	2050
798	2051
1172	2052
83	2053
8020	2054
1601	2055
3614	2056
3910	2057
1553	2058
3738	2059
5944	2060
1381	2061
5918	2062
2344	2063
7369	2064
4425	2065
414	2066
5735	2067
1225	2068
4349	2069
5403	2070
9269	2071
4858	2072
1194	2073
4427	2074
872	2075
540	2076
92	2077
1919	2078
9639	2079
9153	2080
5830	2081
8911	2082
3960	2083
9686	2084
4155	2085
8943	2086
7780	2087
6736	2088
4164	2089
8209	2090
248	2091
1862	2092
5375	2093
5641	2094
8299	2095
8889	2096
7816	2097
9713	2098
8183	2099
8311	2100
220	2101
5732	2102
102	2103
6165	2104
9696	2105
553	2106
1673	2107
5824	2108
7730	2109
1779	2110
6522	2111
1932	2112
4776	2113
7693	2114
4556	2115
8881	2116
6362	2117
796	2118
4999	2119
3574	2120
1509	2121
779	2122
2887	2123
5744	2124
7155	2125
1568	2126
2663	2127
7434	2128
3353	2129
730	2130
4483	2131
5538	2132
1499	2133
880	2134
957	2135
1878	2136
5048	2137
1176	2138
9198	2139
5592	2140
2779	2141
281	2142
4778	2143
4975	2144
541	2145
7215	2146
8918	2147
5851	2148
9824	2149
9820	2150
3576	2151
1289	2152
3814	2153
3187	2154
5697	2155
585	2156
8047	2157
411	2158
1204	2159
4464	2160
2159	2161
1088	2162
4686	2163
4919	2164
7987	2165
227	2166
3875	2167
2210	2168
2865	2169
8239	2170
2723	2171
7343	2172
1770	2173
784	2174
788	2175
9167	2176
2105	2177
6864	2178
385	2179
786	2180
2422	2181
6851	2182
1089	2183
5777	2184
2022	2185
8817	2186
2209	2187
930	2188
2829	2189
7245	2190
9252	2191
2591	2192
1349	2193
7470	2194
3656	2195
6266	2196
787	2197
1581	2198
6662	2199
9751	2200
7112	2201
2682	2202
5085	2203
1587	2204
3829	2205
1666	2206
1813	2207
3088	2208
9496	2209
5680	2210
7920	2211
5570	2212
66	2213
781	2214
8665	2215
8139	2216
8224	2217
55	2218
5226	2219
6346	2220
3392	2221
8925	2222
7018	2223
8781	2224
2878	2225
8768	2226
7187	2227
8414	2228
6283	2229
8522	2230
5740	2231
9207	2232
5368	2233
3602	2234
144	2235
4167	2236
909	2237
8993	2238
8941	2239
7761	2240
9304	2241
599	2242
6418	2243
25	2244
5421	2245
1486	2246
5869	2247
6202	2248
5657	2249
6679	2250
7256	2251
3989	2252
6611	2253
7634	2254
2607	2255
412	2256
705	2257
9758	2258
899	2259
8714	2260
7384	2261
6802	2262
6761	2263
4286	2264
5548	2265
7937	2266
9177	2267
4203	2268
1790	2269
9233	2270
3189	2271
8330	2272
4309	2273
8071	2274
604	2275
5351	2276
5582	2277
273	2278
8523	2279
8432	2280
8136	2281
8690	2282
6570	2283
9310	2284
866	2285
9710	2286
2954	2287
7128	2288
7658	2289
6411	2290
235	2291
1656	2292
746	2293
3324	2294
5563	2295
769	2296
2939	2297
7045	2298
519	2299
1402	2300
4467	2301
2094	2302
581	2303
5672	2304
5037	2305
6453	2306
5804	2307
8087	2308
4840	2309
8416	2310
8845	2311
8073	2312
7495	2313
9174	2314
7798	2315
154	2316
4042	2317
8344	2318
2121	2319
3928	2320
3903	2321
4817	2322
3434	2323
556	2324
2163	2325
2291	2326
480	2327
8516	2328
6894	2329
9111	2330
9717	2331
3988	2332
5413	2333
6109	2334
2879	2335
6549	2336
9360	2337
8206	2338
7009	2339
2388	2340
2268	2341
2283	2342
7398	2343
1201	2344
2877	2345
3935	2346
3455	2347
1146	2348
2317	2349
833	2350
5691	2351
9616	2352
5485	2353
674	2354
1998	2355
9428	2356
7328	2357
9110	2358
2083	2359
8521	2360
3622	2361
8813	2362
5558	2363
7103	2364
1135	2365
9694	2366
505	2367
2548	2368
4272	2369
7628	2370
6326	2371
9684	2372
808	2373
8721	2374
3597	2375
9503	2376
1298	2377
2697	2378
9636	2379
7508	2380
9421	2381
6105	2382
1921	2383
418	2384
8838	2385
1373	2386
9504	2387
5452	2388
1063	2389
715	2390
5185	2391
2481	2392
895	2393
4177	2394
4755	2395
3879	2396
8836	2397
8289	2398
152	2399
1286	2400
94	2401
4242	2402
2426	2403
4410	2404
5509	2405
2579	2406
2128	2407
5633	2408
8212	2409
2043	2410
3366	2411
1	2412
4907	2413
8350	2414
2695	2415
5059	2416
5121	2417
232	2418
6085	2419
8397	2420
2994	2421
7694	2422
5810	2423
943	2424
8854	2425
9240	2426
1588	2427
468	2428
8595	2429
5723	2430
1487	2431
3098	2432
2273	2433
45	2434
313	2435
8790	2436
1746	2437
6421	2438
6035	2439
6572	2440
6477	2441
260	2442
6738	2443
488	2444
7433	2445
4399	2446
5193	2447
8297	2448
8413	2449
1934	2450
4374	2451
1426	2452
7311	2453
5590	2454
600	2455
9789	2456
5568	2457
2711	2458
511	2459
7676	2460
1098	2461
4709	2462
6548	2463
3102	2464
4465	2465
7357	2466
8409	2467
9600	2468
8969	2469
7769	2470
9643	2471
9121	2472
3352	2473
4046	2474
6543	2475
2651	2476
9539	2477
2047	2478
7026	2479
7493	2480
9270	2481
117	2482
986	2483
2207	2484
950	2485
4750	2486
1475	2487
4437	2488
2627	2489
5086	2490
5300	2491
6597	2492
3016	2493
9131	2494
110	2495
9405	2496
5405	2497
2552	2498
7590	2499
286	2500
4860	2501
8644	2502
8693	2503
2240	2504
4244	2505
6334	2506
9123	2507
2088	2508
4561	2509
5111	2510
8642	2511
3864	2512
3	2513
6340	2514
2383	2515
966	2516
8557	2517
6677	2518
4368	2519
6541	2520
9136	2521
1858	2522
7683	2523
1819	2524
4715	2525
8831	2526
3645	2527
4276	2528
2069	2529
2477	2530
2761	2531
9656	2532
8770	2533
7630	2534
2227	2535
8788	2536
1545	2537
513	2538
3386	2539
4824	2540
7661	2541
8485	2542
4419	2543
1271	2544
5446	2545
5057	2546
12	2547
4664	2548
1269	2549
6552	2550
4546	2551
728	2552
4403	2553
393	2554
2123	2555
4568	2556
4478	2557
4850	2558
668	2559
4423	2560
3509	2561
3062	2562
5848	2563
5588	2564
7003	2565
4912	2566
4211	2567
1123	2568
501	2569
8695	2570
3950	2571
1481	2572
3647	2573
8655	2574
4736	2575
4153	2576
6632	2577
3397	2578
5120	2579
1315	2580
9193	2581
8529	2582
9017	2583
9082	2584
7691	2585
5457	2586
5335	2587
6265	2588
7809	2589
9230	2590
9119	2591
8543	2592
5137	2593
4169	2594
4879	2595
8607	2596
6272	2597
2112	2598
474	2599
7614	2600
9463	2601
3212	2602
9149	2603
9145	2604
5504	2605
8179	2606
800	2607
8165	2608
5539	2609
7997	2610
9139	2611
6072	2612
9679	2613
9673	2614
5669	2615
3222	2616
8443	2617
9112	2618
9575	2619
2270	2620
2867	2621
4003	2622
7965	2623
9373	2624
1392	2625
4816	2626
9530	2627
2062	2628
2108	2629
6370	2630
37	2631
2859	2632
5805	2633
6929	2634
6729	2635
4598	2636
6414	2637
2972	2638
5698	2639
2431	2640
7027	2641
8701	2642
1777	2643
8786	2644
5242	2645
7820	2646
719	2647
3590	2648
1556	2649
1043	2650
1995	2651
5165	2652
80	2653
6050	2654
9746	2655
5775	2656
5595	2657
8524	2658
5239	2659
7989	2660
1423	2661
181	2662
5928	2663
9185	2664
8888	2665
5454	2666
6820	2667
7801	2668
3946	2669
209	2670
51	2671
8329	2672
4969	2673
5453	2674
4671	2675
637	2676
1949	2677
9327	2678
1140	2679
1721	2680
6762	2681
5418	2682
4213	2683
7764	2684
9093	2685
3502	2686
1659	2687
3739	2688
4444	2689
3351	2690
9202	2691
1907	2692
82	2693
410	2694
5905	2695
6256	2696
6470	2697
6905	2698
8451	2699
9715	2700
4570	2701
7149	2702
8729	2703
2205	2704
9171	2705
6509	2706
5427	2707
2675	2708
9490	2709
4115	2710
6452	2711
5495	2712
617	2713
146	2714
116	2715
6978	2716
2544	2717
3410	2718
4667	2719
738	2720
8258	2721
526	2722
8966	2723
5115	2724
3858	2725
6382	2726
4596	2727
6588	2728
7216	2729
13	2730
6492	2731
2192	2732
3110	2733
6222	2734
9282	2735
4099	2736
9608	2737
3342	2738
8894	2739
6091	2740
2251	2741
6218	2742
4925	2743
350	2744
1330	2745
2744	2746
5402	2747
8944	2748
8435	2749
1191	2750
3080	2751
2048	2752
9614	2753
2377	2754
4989	2755
5705	2756
3126	2757
301	2758
7765	2759
5557	2760
7165	2761
8403	2762
4435	2763
3167	2764
176	2765
3621	2766
6737	2767
3899	2768
2114	2769
1483	2770
2306	2771
6747	2772
8473	2773
5090	2774
3508	2775
5622	2776
6402	2777
3521	2778
5077	2779
7557	2780
192	2781
5412	2782
7070	2783
1504	2784
8235	2785
4280	2786
7308	2787
1092	2788
4599	2789
6770	2790
8712	2791
9339	2792
2545	2793
3239	2794
4931	2795
2995	2796
6706	2797
9761	2798
6603	2799
6785	2800
2111	2801
9116	2802
917	2803
2968	2804
5812	2805
2443	2806
1884	2807
777	2808
6391	2809
2289	2810
164	2811
5840	2812
8553	2813
32	2814
1638	2815
2827	2816
1962	2817
626	2818
131	2819
3243	2820
613	2821
4784	2822
6055	2823
7885	2824
6507	2825
5631	2826
6019	2827
293	2828
7178	2829
9070	2830
4848	2831
8498	2832
3536	2833
41	2834
6279	2835
4554	2836
1052	2837
5574	2838
4771	2839
8749	2840
5148	2841
1065	2842
150	2843
5694	2844
9606	2845
2928	2846
4251	2847
6540	2848
1463	2849
5044	2850
4586	2851
8216	2852
387	2853
4407	2854
1416	2855
835	2856
3442	2857
1282	2858
2953	2859
7533	2860
7821	2861
7173	2862
4282	2863
426	2864
525	2865
8463	2866
9319	2867
9107	2868
5753	2869
4052	2870
2783	2871
5105	2872
8477	2873
9290	2874
7000	2875
1918	2876
945	2877
8094	2878
1600	2879
64	2880
9218	2881
9224	2882
7690	2883
2825	2884
1028	2885
4369	2886
4505	2887
2361	2888
2416	2889
7488	2890
6698	2891
1772	2892
5846	2893
40	2894
8616	2895
8265	2896
9586	2897
7578	2898
4294	2899
2016	2900
4212	2901
7689	2902
1346	2903
2769	2904
9534	2905
8544	2906
878	2907
6429	2908
503	2909
6267	2910
7554	2911
4555	2912
3554	2913
3398	2914
4725	2915
7823	2916
403	2917
9372	2918
8995	2919
6682	2920
4965	2921
3979	2922
6524	2923
6608	2924
6935	2925
4895	2926
9358	2927
8362	2928
5917	2929
8069	2930
4738	2931
6642	2932
3190	2933
7290	2934
1391	2935
3426	2936
129	2937
1125	2938
9039	2939
4218	2940
3072	2941
6780	2942
8757	2943
7914	2944
8456	2945
1613	2946
3131	2947
7219	2948
2886	2949
3661	2950
8066	2951
7984	2952
5821	2953
2127	2954
485	2955
3703	2956
141	2957
2308	2958
5624	2959
8225	2960
9362	2961
7101	2962
1070	2963
5333	2964
1143	2965
1464	2966
4491	2967
3477	2968
207	2969
1683	2970
9234	2971
2629	2972
9818	2973
3358	2974
4983	2975
3120	2976
3973	2977
8970	2978
9268	2979
1989	2980
9	2981
9611	2982
6348	2983
7189	2984
8787	2985
4800	2986
844	2987
6585	2988
4	2989
8058	2990
2174	2991
8493	2992
5510	2993
9625	2994
3510	2995
8467	2996
9085	2997
8754	2998
554	2999
2844	3000
7806	3001
4054	3002
4273	3003
9045	3004
6473	3005
7310	3006
339	3007
7412	3008
8243	3009
7824	3010
9406	3011
4124	3012
9216	3013
5004	3014
180	3015
1782	3016
1836	3017
8314	3018
7833	3019
6482	3020
1775	3021
9396	3022
8685	3023
4959	3024
6816	3025
5623	3026
4773	3027
5159	3028
2606	3029
4267	3030
3350	3031
7781	3032
2720	3033
3402	3034
965	3035
5174	3036
4020	3037
3316	3038
20	3039
6137	3040
2537	3041
315	3042
7060	3043
4976	3044
1754	3045
5871	3046
1900	3047
9113	3048
6197	3049
5764	3050
2278	3051
761	3052
7225	3053
2402	3054
8561	3055
4328	3056
9349	3057
8761	3058
6270	3059
7679	3060
1247	3061
6261	3062
2068	3063
8746	3064
7230	3065
8615	3066
7469	3067
7233	3068
6643	3069
6755	3070
1328	3071
857	3072
2226	3073
8438	3074
5927	3075
134	3076
9777	3077
3390	3078
3295	3079
1278	3080
7079	3081
1378	3082
9330	3083
8231	3084
5075	3085
1640	3086
1366	3087
1582	3088
4100	3089
1093	3090
6337	3091
815	3092
2795	3093
2661	3094
2542	3095
100	3096
8955	3097
9283	3098
7226	3099
1885	3100
84	3101
4468	3102
7685	3103
2096	3104
5839	3105
4373	3106
1209	3107
578	3108
4543	3109
5835	3110
4646	3111
2051	3112
9452	3113
4496	3114
8706	3115
5761	3116
5054	3117
1305	3118
4821	3119
1227	3120
8204	3121
6794	3122
1525	3123
7220	3124
17	3125
9456	3126
3449	3127
4310	3128
8062	3129
2603	3130
3926	3131
7459	3132
3251	3133
8348	3134
3712	3135
8637	3136
7907	3137
7545	3138
5601	3139
8277	3140
8083	3141
9754	3142
1977	3143
1843	3144
4694	3145
1561	3146
9126	3147
9829	3148
6184	3149
5292	3150
5872	3151
8897	3152
6094	3153
6685	3154
7715	3155
9038	3156
8760	3157
3317	3158
1350	3159
2974	3160
2581	3161
2384	3162
3174	3163
5912	3164
6044	3165
7454	3166
7548	3167
7	3168
3711	3169
7037	3170
5408	3171
4415	3172
263	3173
1849	3174
8357	3175
7523	3176
7911	3177
6853	3178
5793	3179
983	3180
4655	3181
6856	3182
5693	3183
2864	3184
2828	3185
3051	3186
2248	3187
1938	3188
5087	3189
1558	3190
7274	3191
3719	3192
3288	3193
4283	3194
2403	3195
2373	3196
8442	3197
7123	3198
9573	3199
247	3200
3516	3201
7886	3202
809	3203
6100	3204
5867	3205
4966	3206
6580	3207
6303	3208
494	3209
9370	3210
3454	3211
5630	3212
1622	3213
4622	3214
8042	3215
6822	3216
5534	3217
5082	3218
4313	3219
5662	3220
8015	3221
2780	3222
7348	3223
8582	3224
5200	3225
3200	3226
635	3227
9420	3228
5071	3229
5276	3230
4685	3231
4595	3232
2418	3233
9572	3234
4225	3235
9597	3236
236	3237
2951	3238
5	3239
3683	3240
4623	3241
4074	3242
1608	3243
5752	3244
8577	3245
7686	3246
1109	3247
8220	3248
5431	3249
4835	3250
3948	3251
53	3252
3620	3253
3499	3254
2506	3255
3658	3256
5069	3257
8907	3258
3421	3259
2718	3260
1783	3261
3256	3262
2214	3263
7982	3264
3479	3265
8266	3266
191	3267
9680	3268
6167	3269
5042	3270
1693	3271
927	3272
7172	3273
3896	3274
5770	3275
1694	3276
4053	3277
7863	3278
4844	3279
5628	3280
5000	3281
4092	3282
5512	3283
4954	3284
8286	3285
6756	3286
8395	3287
8471	3288
4522	3289
586	3290
5708	3291
1198	3292
5747	3293
1116	3294
5243	3295
9763	3296
2645	3297
9051	3298
7067	3299
9210	3300
1649	3301
10	3302
7163	3303
7200	3304
7329	3305
2023	3306
4206	3307
6889	3308
9767	3309
1535	3310
4615	3311
3141	3312
9168	3313
1108	3314
6641	3315
3650	3316
8562	3317
20	3318
2315	3319
4579	3320
4372	3321
5429	3322
8490	3323
8716	3324
9432	3325
5962	3326
7789	3327
5080	3328
1313	3329
6610	3330
3981	3331
4082	3332
8622	3333
7636	3334
7610	3335
294	3336
8157	3337
1114	3338
2880	3339
3039	3340
1224	3341
2194	3342
5177	3343
3054	3344
1852	3345
8630	3346
6879	3347
5682	3348
8588	3349
5579	3350
6162	3351
8411	3352
8755	3353
8028	3354
3772	3355
1510	3356
6070	3357
9760	3358
90	3359
3111	3360
2312	3361
6203	3362
7093	3363
8370	3364
361	3365
23	3366
7767	3367
1883	3368
3805	3369
4935	3370
5224	3371
9014	3372
8198	3373
7719	3374
4613	3375
4822	3376
5784	3377
1879	3378
1599	3379
6704	3380
1802	3381
32	3382
9821	3383
9115	3384
5272	3385
4749	3386
79	3387
8293	3388
4762	3389
584	3390
23	3391
73	3392
5728	3393
2822	3394
2457	3395
9050	3396
1981	3397
7035	3398
4587	3399
9271	3400
9512	3401
5325	3402
2456	3403
7212	3404
8384	3405
2685	3406
801	3407
951	3408
4676	3409
2781	3410
7753	3411
828	3412
3735	3413
1551	3414
190	3415
1258	3416
1679	3417
3475	3418
6624	3419
6707	3420
1285	3421
7239	3422
7664	3423
5103	3424
8079	3425
4314	3426
4014	3427
374	3428
367	3429
1173	3430
3224	3431
5505	3432
5468	3433
9750	3434
5342	3435
2104	3436
887	3437
6121	3438
8064	3439
3544	3440
9524	3441
8351	3442
3030	3443
7222	3444
2717	3445
9284	3446
4906	3447
9547	3448
4326	3449
3694	3450
1644	3451
1104	3452
6659	3453
8007	3454
2258	3455
2722	3456
3967	3457
390	3458
9103	3459
7722	3460
4005	3461
8146	3462
7516	3463
7313	3464
7534	3465
7265	3466
8827	3467
8029	3468
4637	3469
2523	3470
7402	3471
1550	3472
897	3473
4174	3474
4949	3475
4504	3476
6697	3477
551	3478
5525	3479
6956	3480
4270	3481
4735	3482
7486	3483
3364	3484
68	3485
9748	3486
1763	3487
9118	3488
3929	3489
3484	3490
7075	3491
47	3492
1507	3493
269	3494
1348	3495
9108	3496
9069	3497
5354	3498
5618	3499
4250	3500
6145	3501
4602	3502
7370	3503
2889	3504
7334	3505
8724	3506
4901	3507
5542	3508
337	3509
5860	3510
3830	3511
3276	3512
2024	3513
6530	3514
1646	3515
6882	3516
1863	3517
5252	3518
6545	3519
2014	3520
6474	3521
7111	3522
9738	3523
7073	3524
402	3525
362	3526
6576	3527
710	3528
7180	3529
4917	3530
7368	3531
2616	3532
1121	3533
4775	3534
8914	3535
1335	3536
6232	3537
7643	3538
5271	3539
9753	3540
5051	3541
1443	3542
7850	3543
2327	3544
8893	3545
6393	3546
4803	3547
8830	3548
9192	3549
35	3550
1784	3551
8325	3552
6481	3553
6469	3554
4447	3555
5010	3556
5861	3557
7652	3558
5099	3559
8040	3560
7063	3561
4129	3562
4389	3563
5363	3564
3355	3565
869	3566
1274	3567
774	3568
1942	3569
5719	3570
5980	3571
7387	3572
6037	3573
4103	3574
8915	3575
5160	3576
6304	3577
6290	3578
372	3579
1412	3580
7043	3581
5600	3582
1079	3583
8866	3584
2032	3585
5678	3586
376	3587
5422	3588
4474	3589
130	3590
5772	3591
2142	3592
259	3593
5908	3594
6806	3595
3801	3596
3032	3597
8725	3598
4630	3599
6971	3600
6324	3601
5319	3602
912	3603
1706	3604
2118	3605
1950	3606
2775	3607
3736	3608
1909	3609
6462	3610
7240	3611
7736	3612
8279	3613
793	3614
4302	3615
5497	3616
2229	3617
8631	3618
8078	3619
3409	3620
8155	3621
1592	3622
2758	3623
6950	3624
5472	3625
2719	3626
3817	3627
2130	3628
9369	3629
3563	3630
2595	3631
7507	3632
4980	3633
9002	3634
4119	3635
6911	3636
3553	3637
4086	3638
7791	3639
4825	3640
6339	3641
500	3642
8916	3643
2389	3644
2184	3645
7013	3646
1826	3647
7033	3648
2307	3649
5250	3650
1400	3651
7556	3652
4029	3653
6724	3654
7906	3655
2042	3656
4143	3657
7184	3658
231	3659
9571	3660
3664	3661
3636	3662
2907	3663
9032	3664
6959	3665
5227	3666
6840	3667
6110	3668
6586	3669
868	3670
9250	3671
4406	3672
3869	3673
4763	3674
9363	3675
8614	3676
7772	3677
1453	3678
3214	3679
5792	3680
9076	3681
5642	3682
1479	3683
6793	3684
5996	3685
2527	3686
9510	3687
5034	3688
4820	3689
132	3690
891	3691
1945	3692
5904	3693
5056	3694
6939	3695
4182	3696
2598	3697
3467	3698
4984	3699
3593	3700
6699	3701
1450	3702
7666	3703
487	3704
6686	3705
4332	3706
128	3707
8736	3708
7318	3709
8708	3710
7032	3711
1361	3712
5029	3713
7456	3714
14	3715
7227	3716
7268	3717
6401	3718
9797	3719
9792	3720
3503	3721
6636	3722
2763	3723
5259	3724
5987	3725
531	3726
4271	3727
93	3728
1514	3729
45	3730
7296	3731
514	3732
2801	3733
6932	3734
9780	3735
6178	3736
7647	3737
7005	3738
70	3739
4343	3740
4815	3741
4096	3742
3132	3743
7407	3744
5720	3745
6918	3746
7874	3747
1162	3748
9025	3749
9315	3750
4529	3751
6537	3752
6014	3753
9182	3754
101	3755
9328	3756
5017	3757
5795	3758
3982	3759
3562	3760
9343	3761
3523	3762
1546	3763
1281	3764
8282	3765
6087	3766
1233	3767
7959	3768
7586	3769
4362	3770
8023	3771
6092	3772
6365	3773
6506	3774
2245	3775
7457	3776
6424	3777
1828	3778
7750	3779
5058	3780
3144	3781
9013	3782
4170	3783
7688	3784
8928	3785
5575	3786
3329	3787
8134	3788
1133	3789
4306	3790
6314	3791
7802	3792
2608	3793
1007	3794
2309	3795
7972	3796
1454	3797
3872	3798
1471	3799
8306	3800
1218	3801
656	3802
9446	3803
7471	3804
9662	3805
1253	3806
8885	3807
1467	3808
1353	3809
2617	3810
5240	3811
5639	3812
2146	3813
3558	3814
2526	3815
4625	3816
3047	3817
3748	3818
1246	3819
3966	3820
2487	3821
8870	3822
7055	3823
5841	3824
8772	3825
7949	3826
8940	3827
6972	3828
4357	3829
5757	3830
4402	3831
5776	3832
8171	3833
2075	3834
8271	3835
4909	3836
2729	3837
1390	3838
4894	3839
766	3840
4941	3841
6113	3842
2143	3843
8626	3844
5857	3845
2020	3846
4281	3847
3347	3848
5471	3849
9401	3850
9040	3851
6207	3852
4748	3853
676	3854
6182	3855
8088	3856
834	3857
2284	3858
1529	3859
4905	3860
135	3861
9027	3862
3630	3863
3277	3864
7154	3865
6925	3866
934	3867
9646	3868
3445	3869
5043	3870
6045	3871
7623	3872
881	3873
5584	3874
3915	3875
1160	3876
9384	3877
5838	3878
6291	3879
8990	3880
6941	3881
6356	3882
4628	3883
78	3884
5112	3885
6574	3886
5032	3887
4936	3888
9558	3889
3428	3890
9657	3891
9195	3892
7436	3893
7889	3894
9350	3895
1167	3896
7171	3897
1725	3898
1717	3899
6088	3900
725	3901
9393	3902
9395	3903
9394	3904
3746	3905
962	3906
2583	3907
6855	3908
2639	3909
4254	3910
6062	3911
7674	3912
4877	3913
740	3914
200	3915
4677	3916
5305	3917
2705	3918
7427	3919
1245	3920
5152	3921
594	3922
4845	3923
4902	3924
627	3925
3124	3926
4358	3927
5163	3928
7998	3929
3642	3930
4812	3931
3913	3932
2333	3933
1252	3934
7364	3935
953	3936
9437	3937
3248	3938
6134	3939
2885	3940
295	3941
2797	3942
8733	3943
9541	3944
3497	3945
2765	3946
4673	3947
6933	3948
2996	3949
7238	3950
56	3951
6832	3952
214	3953
2199	3954
5302	3955
5084	3956
7071	3957
5202	3958
9279	3959
1997	3960
9003	3961
6735	3962
4612	3963
6077	3964
3100	3965
5858	3966
8313	3967
5232	3968
9649	3969
446	3970
1872	3971
9595	3972
6394	3973
4910	3974
6810	3975
655	3976
4998	3977
4830	3978
2458	3979
7051	3980
2009	3981
8367	3982
165	3983
2044	3984
6881	3985
4719	3986
8230	3987
1697	3988
972	3989
7770	3990
3722	3991
6684	3992
2915	3993
1362	3994
1364	3995
559	3996
3127	3997
7061	3998
5554	3999
5150	4000
4884	4001
2500	4002
7136	4003
3183	4004
9749	4005
2476	4006
8346	4007
6081	4008
9676	4009
3216	4010
4104	4011
9627	4012
2144	4013
9144	4014
762	4015
8574	4016
827	4017
124	4018
5818	4019
7235	4020
2900	4021
5265	4022
6397	4023
7416	4024
2899	4025
5797	4026
3877	4027
9535	4028
1414	4029
1256	4030
4608	4031
5815	4032
2253	4033
5955	4034
7191	4035
7161	4036
3050	4037
3742	4038
6060	4039
5108	4040
3388	4041
1210	4042
1060	4043
3588	4044
885	4045
8593	4046
7825	4047
7006	4048
7663	4049
8850	4050
352	4051
9164	4052
2272	4053
3396	4054
5391	4055
6056	4056
5076	4057
6661	4058
9464	4059
5003	4060
7309	4061
8748	4062
7014	4063
8699	4064
3754	4065
7510	4066
5383	4067
6829	4068
760	4069
4994	4070
5328	4071
3330	4072
7406	4073
4422	4074
1292	4075
4012	4076
8687	4077
8327	4078
3804	4079
9584	4080
9798	4081
969	4082
4061	4083
8200	4084
9435	4085
4640	4086
9578	4087
7232	4088
5136	4089
13	4090
5135	4091
7746	4092
3297	4093
8418	4094
7942	4095
1868	4096
1628	4097
1203	4098
4110	4099
974	4100
2524	4101
18	4102
7779	4103
1161	4104
1006	4105
977	4106
5166	4107
6450	4108
9457	4109
6205	4110
1653	4111
3717	4112
5943	4113
7993	4114
1612	4115
978	4116
9771	4117
3507	4118
7598	4119
1722	4120
8005	4121
2316	4122
4476	4123
4716	4124
4756	4125
1091	4126
7651	4127
3044	4128
575	4129
717	4130
4168	4131
865	4132
4028	4133
146	4134
936	4135
9208	4136
7463	4137
3774	4138
8691	4139
6658	4140
9187	4141
1240	4142
1542	4143
7563	4144
3891	4145
1672	4146
7377	4147
9089	4148
9276	4149
8855	4150
1036	4151
2267	4152
6639	4153
7921	4154
3263	4155
3095	4156
4913	4157
3489	4158
4398	4159
3341	4160
4040	4161
2933	4162
5329	4163
5474	4164
515	4165
6620	4166
283	4167
9348	4168
8191	4169
6396	4170
3646	4171
9628	4172
6700	4173
8518	4174
4180	4175
7596	4176
31	4177
486	4178
12	4179
4058	4180
9258	4181
7805	4182
444	4183
5065	4184
9361	4185
8662	4186
3260	4187
609	4188
6991	4189
8052	4190
5346	4191
1891	4192
9542	4193
7928	4194
8601	4195
183	4196
5651	4197
924	4198
8148	4199
2008	4200
1377	4201
7760	4202
7873	4203
6223	4204
4285	4205
2265	4206
4137	4207
9736	4208
8646	4209
8645	4210
4165	4211
7859	4212
3794	4213
2891	4214
34	4215
6017	4216
9294	4217
6945	4218
2341	4219
4512	4220
4152	4221
5924	4222
5176	4223
6381	4224
1663	4225
6331	4226
789	4227
1963	4228
4026	4229
2378	4230
8826	4231
2249	4232
482	4233
4295	4234
8726	4235
8080	4236
3674	4237
5507	4238
9482	4239
8466	4240
523	4241
9081	4242
6380	4243
4610	4244
7317	4245
1939	4246
602	4247
168	4248
8900	4249
5155	4250
4121	4251
2122	4252
7733	4253
9648	4254
7983	4255
6527	4256
5146	4257
1	4258
6688	4259
6976	4260
3853	4261
1760	4262
2715	4263
5819	4264
3241	4265
6251	4266
5045	4267
3285	4268
7671	4269
7114	4270
8538	4271
7188	4272
3518	4273
4241	4274
383	4275
6986	4276
1308	4277
9675	4278
6192	4279
4106	4280
4516	4281
8605	4282
968	4283
847	4284
1993	4285
4275	4286
9251	4287
7930	4288
6496	4289
3832	4290
3930	4291
7890	4292
8107	4293
8454	4294
6555	4295
173	4296
1864	4297
3113	4298
91	4299
5603	4300
6485	4301
890	4302
6713	4303
976	4304
1466	4305
9046	4306
7134	4307
1569	4308
8111	4309
8947	4310
1908	4311
3026	4312
3667	4313
6080	4314
6227	4315
3767	4316
4617	4317
1968	4318
860	4319
2054	4320
6342	4321
6333	4322
2046	4323
5476	4324
1462	4325
3184	4326
9707	4327
1394	4328
6892	4329
1354	4330
4458	4331
3	4332
3230	4333
8478	4334
7246	4335
5854	4336
6408	4337
4963	4338
6271	4339
9480	4340
7283	4341
55	4342
2755	4343
2848	4344
5725	4345
1896	4346
96	4347
2218	4348
8130	4349
62	4350
5771	4351
4929	4352
6896	4353
7819	4354
4252	4355
9631	4356
3022	4357
7653	4358
6818	4359
5255	4360
552	4361
5257	4362
611	4363
5671	4364
1541	4365
2898	4366
7720	4367
1215	4368
9259	4369
3462	4370
5304	4371
879	4372
7922	4373
6239	4374
5684	4375
6709	4376
1516	4377
816	4378
7527	4379
6804	4380
7703	4381
3014	4382
555	4383
7190	4384
6385	4385
9414	4386
3545	4387
182	4388
5617	4389
3969	4390
3833	4391
5380	4392
4713	4393
2966	4394
4178	4395
7170	4396
4312	4397
9645	4398
5455	4399
7939	4400
3933	4401
9090	4402
7672	4403
1999	4404
5899	4405
3911	4406
123	4407
8108	4408
84	4409
3894	4410
1067	4411
6716	4412
4497	4413
9188	4414
156	4415
4538	4416
9088	4417
9241	4418
6970	4419
518	4420
5587	4421
7757	4422
1279	4423
240	4424
6517	4425
4484	4426
6777	4427
9556	4428
1824	4429
8486	4430
7147	4431
9044	4432
4891	4433
9312	4434
2811	4435
8957	4436
5387	4437
5620	4438
5078	4439
5895	4440
6135	4441
3888	4442
7140	4443
9551	4444
5731	4445
6656	4446
456	4447
4451	4448
8425	4449
4472	4450
7270	4451
4428	4452
731	4453
54	4454
136	4455
3140	4456
6260	4457
1193	4458
5544	4459
4394	4460
2913	4461
8798	4462
3747	4463
8732	4464
8942	4465
8924	4466
9678	4467
458	4468
4307	4469
9687	4470
6063	4471
2101	4472
7528	4473
1164	4474
4774	4475
5573	4476
6861	4477
588	4478
2427	4479
8441	4480
5894	4481
6621	4482
8572	4483
1597	4484
3220	4485
5194	4486
8808	4487
3797	4488
8853	4489
4382	4490
8349	4491
9752	4492
3107	4493
1074	4494
1169	4495
4289	4496
9062	4497
6595	4498
1731	4499
5365	4500
202	4501
5138	4502
5659	4503
1681	4504
3587	4505
876	4506
2802	4507
5808	4508
2387	4509
1925	4510
8084	4511
3480	4512
6442	4513
547	4514
5660	4515
27	4516
1922	4517
1008	4518
980	4519
4648	4520
5270	4521
3993	4522
4955	4523
7373	4524
9158	4525
6622	4526
9518	4527
4031	4528
7420	4529
6350	4530
4526	4531
1677	4532
7275	4533
5649	4534
9544	4535
4978	4536
3679	4537
8363	4538
9529	4539
5398	4540
4706	4541
4558	4542
8141	4543
9559	4544
1575	4545
659	4546
8568	4547
6341	4548
947	4549
712	4550
9133	4551
3361	4552
4337	4553
5062	4554
5488	4555
3025	4556
9825	4557
7135	4558
9125	4559
7351	4560
6903	4561
4589	4562
5317	4563
4942	4564
1859	4565
4659	4566
7625	4567
2863	4568
689	4569
4051	4570
1534	4571
7344	4572
7838	4573
6409	4574
8422	4575
4601	4576
36	4577
9815	4578
7701	4579
1357	4580
43	4581
257	4582
2945	4583
1045	4584
1280	4585
5515	4586
3860	4587
2025	4588
7330	4589
3885	4590
289	4591
7429	4592
4156	4593
7080	4594
421	4595
2342	4596
9803	4597
4008	4598
4118	4599
9772	4600
1961	4601
1022	4602
2133	4603
7562	4604
549	4605
7452	4606
7461	4607
6640	4608
6719	4609
811	4610
3663	4611
8506	4612
8638	4613
7608	4614
7735	4615
5954	4616
1154	4617
6150	4618
8603	4619
7479	4620
4044	4621
8576	4622
6765	4623
491	4624
6284	4625
4633	4626
2647	4627
419	4628
6601	4629
5123	4630
4600	4631
4411	4632
4430	4633
7571	4634
2334	4635
4970	4636
2766	4637
2031	4638
7467	4639
5978	4640
335	4641
9427	4642
794	4643
9635	4644
1886	4645
8745	4646
1112	4647
1437	4648
8653	4649
4006	4650
7034	4651
69	4652
9263	4653
49	4654
316	4655
9203	4656
5362	4657
6302	4658
2116	4659
5206	4660
4741	4661
6465	4662
9378	4663
1341	4664
1716	4665
2059	4666
4412	4667
4801	4668
916	4669
4388	4670
577	4671
25	4672
4260	4673
8913	4674
6808	4675
4066	4676
1312	4677
4075	4678
8887	4679
5647	4680
358	4681
9775	4682
1594	4683
5381	4684
3369	4685
8481	4686
8105	4687
2637	4688
5945	4689
8338	4690
3304	4691
3882	4692
7385	4693
8967	4694
2364	4695
2398	4696
2369	4697
7376	4698
5157	4699
6095	4700
3906	4701
4682	4702
1610	4703
8945	4704
1674	4705
1276	4706
1586	4707
9128	4708
7699	4709
1803	4710
1465	4711
3252	4712
772	4713
1033	4714
6417	4715
8145	4716
6886	4717
1163	4718
8864	4719
4039	4720
6880	4721
5330	4722
2927	4723
3384	4724
5024	4725
2050	4726
8625	4727
3018	4728
5027	4729
4852	4730
3900	4731
7879	4732
2026	4733
1110	4734
1671	4735
6029	4736
1812	4737
6322	4738
4511	4739
5122	4740
452	4741
884	4742
5393	4743
338	4744
9142	4745
6005	4746
6142	4747
2847	4748
954	4749
5607	4750
8292	4751
3365	4752
8766	4753
2861	4754
8872	4755
5640	4756
9677	4757
9205	4758
5473	4759
7829	4760
7524	4761
3584	4762
2831	4763
7347	4764
3912	4765
7853	4766
1665	4767
5706	4768
7514	4769
7854	4770
4024	4771
8410	4772
6681	4773
9080	4774
6814	4775
3782	4776
441	4777
4431	4778
6544	4779
81	4780
323	4781
1515	4782
6550	4783
7	4784
6766	4785
94	4786
9567	4787
1957	4788
3087	4789
846	4790
736	4791
7908	4792
8979	4793
6837	4794
2670	4795
5900	4796
9813	4797
8666	4798
2799	4799
3958	4800
1619	4801
284	4802
3171	4803
2618	4804
5941	4805
8465	4806
2967	4807
451	4808
5695	4809
7349	4810
8050	4811
122	4812
9781	4813
1682	4814
9092	4815
3057	4816
6987	4817
5514	4818
7512	4819
5296	4820
2888	4821
9247	4822
7945	4823
4248	4824
1352	4825
3595	4826
3430	4827
2804	4828
5385	4829
2463	4830
43	4831
2963	4832
7323	4833
4221	4834
9481	4835
1639	4836
9488	4837
9812	4838
4331	4839
6090	4840
931	4841
330	4842
5883	4843
3631	4844
6186	4845
3530	4846
2922	4847
9010	4848
4828	4849
5182	4850
2503	4851
9550	4852
7627	4853
4359	4854
6680	4855
7776	4856
8019	4857
4233	4858
724	4859
2737	4860
5297	4861
4733	4862
1165	4863
3583	4864
2220	4865
8694	4866
1618	4867
9340	4868
783	4869
1073	4870
496	4871
6009	4872
300	4873
5299	4874
6317	4875
1386	4876
7981	4877
8008	4878
297	4879
5543	4880
8764	4881
1031	4882
8753	4883
5133	4884
1250	4885
2271	4886
7837	4887
2519	4888
9323	4889
2628	4890
9042	4891
8210	4892
2919	4893
1920	4894
7826	4895
7745	4896
3589	4897
1913	4898
4757	4899
3368	4900
3975	4901
9632	4902
212	4903
6776	4904
9590	4905
8775	4906
4253	4907
3895	4908
2872	4909
6967	4910
7502	4911
5768	4912
5887	4913
9196	4914
4456	4915
1334	4916
6075	4917
2560	4918
5244	4919
9146	4920
1102	4921
5644	4922
9232	4923
8211	4924
2615	4925
2438	4926
5500	4927
9223	4928
7024	4929
4731	4930
3846	4931
5294	4932
4498	4933
1383	4934
5399	4935
287	4936
9183	4937
3733	4938
6139	4939
8319	4940
1242	4941
5991	4942
1970	4943
3490	4944
7393	4945
7143	4946
6607	4947
7231	4948
9189	4949
3343	4950
5128	4951
6811	4952
6590	4953
6982	4954
6647	4955
7570	4956
3213	4957
6717	4958
4116	4959
1387	4960
3130	4961
4432	4962
3941	4963
7831	4964
6961	4965
4562	4966
3138	4967
1035	4968
7023	4969
1118	4970
3710	4971
1317	4972
2892	4973
4893	4974
4471	4975
405	4976
1576	4977
3731	4978
3268	4979
3459	4980
4022	4981
583	4982
4489	4983
1447	4984
3240	4985
7458	4986
7792	4987
4745	4988
4597	4989
4940	4990
3360	4991
7277	4992
7301	4993
53	4994
1251	4995
6831	4996
7638	4997
3783	4998
70	4999
7743	5000
2343	5001
6456	5002
1249	5003
1455	5004
7193	5005
3053	5006
4639	5007
2993	5008
4684	5009
6497	5010
9505	5011
8922	5012
580	5013
6815	5014
7860	5015
2511	5016
2507	5017
2473	5018
2474	5019
2502	5020
8256	5021
2709	5022
2472	5023
630	5024
9317	5025
7862	5026
2508	5027
7861	5028
2549	5029
7737	5030
7740	5031
8260	5032
7856	5033
4854	5034
8975	5035
2471	5036
2494	5037
8590	5038
2509	5039
2493	5040
2504	5041
6798	5042
2483	5043
7865	5044
2475	5045
2495	5046
9006	5047
2630	5048
4078	5049
1751	5050
1935	5051
8383	5052
167	5053
2895	5054
1217	5055
8475	5056
5739	5057
2975	5058
5979	5059
6988	5060
6390	5061
7752	5062
6860	5063
6480	5064
8127	5065
805	5066
1637	5067
8154	5068
6410	5069
3909	5070
9714	5071
4924	5072
935	5073
1071	5074
7961	5075
3914	5076
8608	5077
463	5078
955	5079
5518	5080
6672	5081
7714	5082
6877	5083
5233	5084
3160	5085
4443	5086
1405	5087
6836	5088
1243	5089
6389	5090
1577	5091
9409	5092
7909	5093
5143	5094
6358	5095
8797	5096
8298	5097
6373	5098
7483	5099
2039	5100
8871	5101
8000	5102
4230	5103
475	5104
2529	5105
7954	5106
1890	5107
7300	5108
347	5109
6779	5110
8731	5111
5397	5112
4361	5113
79	5114
3106	5115
7446	5116
1439	5117
942	5118
8679	5119
4441	5120
3529	5121
8641	5122
9404	5123
2914	5124
3211	5125
6016	5126
4501	5127
4236	5128
1149	5129
7673	5130
3035	5131
1897	5132
4807	5133
7784	5134
409	5135
643	5136
8602	5137
3081	5138
6112	5139
1277	5140
5822	5141
3708	5142
8789	5143
4090	5144
4089	5145
2282	5146
9770	5147
4196	5148
8492	5149
8284	5150
3505	5151
4353	5152
8285	5153
7670	5154
6583	5155
2605	5156
4334	5157
5334	5158
1756	5159
448	5160
5831	5161
4414	5162
4927	5163
1351	5164
158	5165
1221	5166
9026	5167
3076	5168
5459	5169
4584	5170
1747	5171
7888	5172
3653	5173
5451	5174
4867	5175
4680	5176
171	5177
9698	5178
5352	5179
838	5180
2815	5181
2680	5182
2295	5183
2151	5184
8013	5185
8004	5186
2852	5187
9570	5188
9708	5189
6631	5190
6214	5191
3286	5192
1441	5193
5002	5194
391	5195
9073	5196
4452	5197
1432	5198
9519	5199
4004	5200
76	5201
4001	5202
278	5203
8780	5204
4296	5205
5016	5206
3991	5207
5717	5208
1358	5209
2380	5210
2195	5211
4953	5212
8335	5213
2787	5214
3826	5215
907	5216
672	5217
7698	5218
6668	5219
4127	5220
3463	5221
3086	5222
8192	5223
9285	5224
8470	5225
6157	5226
5707	5227
9281	5228
5537	5229
5915	5230
9367	5231
8246	5232
940	5233
6960	5234
1168	5235
804	5236
7105	5237
9485	5238
7432	5239
850	5240
2320	5241
9242	5242
5215	5243
5222	5244
4862	5245
7783	5246
2212	5247
7605	5248
4214	5249
1152	5250
4257	5251
4224	5252
1061	5253
4645	5254
8994	5255
2137	5256
246	5257
8091	5258
9766	5259
1032	5260
193	5261
5670	5262
1212	5263
5117	5264
2370	5265
6633	5266
2408	5267
7214	5268
6514	5269
8776	5270
371	5271
614	5272
9288	5273
1688	5274
1445	5275
5098	5276
8035	5277
7787	5278
2881	5279
177	5280
5022	5281
4473	5282
6224	5283
5799	5284
2158	5285
4506	5286
3947	5287
2150	5288
7288	5289
8360	5290
5480	5291
937	5292
328	5293
6884	5294
16	5295
7031	5296
9170	5297
8807	5298
6943	5299
1991	5300
7072	5301
10	5302
3524	5303
8025	5304
9152	5305
398	5306
2453	5307
3395	5308
810	5309
7250	5310
9521	5311
4592	5312
4751	5313
987	5314
877	5315
9012	5316
3937	5317
3983	5318
8149	5319
9397	5320
1470	5321
3812	5322
7422	5323
6753	5324
256	5325
6850	5326
422	5327
2178	5328
6200	5329
5183	5330
1538	5331
5220	5332
1005	5333
4097	5334
6819	5335
2124	5336
5444	5337
2830	5338
1914	5339
5482	5340
7306	5341
7583	5342
6591	5343
3415	5344
4208	5345
3227	5346
9426	5347
4404	5348
921	5349
9150	5350
1151	5351
3340	5352
7375	5353
7417	5354
4888	5355
4207	5356
5948	5357
9169	5358
3038	5359
8681	5360
4545	5361
520	5362
5885	5363
9476	5364
2999	5365
396	5366
6357	5367
4634	5368
2970	5369
8869	5370
2292	5371
892	5372
9727	5373
2612	5374
8476	5375
57	5376
129	5377
309	5378
7550	5379
7718	5380
2461	5381
9166	5382
7448	5383
4305	5384
2211	5385
1090	5386
751	5387
7314	5388
4268	5389
415	5390
3815	5391
5416	5392
5527	5393
1876	5394
288	5395
2037	5396
7756	5397
3431	5398
1903	5399
4674	5400
5901	5401
7924	5402
9630	5403
1119	5404
5847	5405
8365	5406
4	5407
3105	5408
1379	5409
377	5410
2909	5411
7540	5412
644	5413
4158	5414
5234	5415
3755	5416
5910	5417
4993	5418
3483	5419
156	5420
105	5421
8016	5422
123	5423
5718	5424
5700	5425
9725	5426
8070	5427
4945	5428
5961	5429
2905	5430
5877	5431
8621	5432
8715	5433
5204	5434
6923	5435
3176	5436
7305	5437
5237	5438
5064	5439
4780	5440
8964	5441
9459	5442
709	5443
3011	5444
6667	5445
6535	5446
6398	5447
322	5448
2063	5449
3429	5450
9605	5451
1156	5452
5704	5453
7400	5454
6757	5455
7229	5456
5569	5457
7179	5458
4853	5459
1712	5460
6645	5461
6277	5462
6449	5463
110	5464
6234	5465
3715	5466
5228	5467
4384	5468
5807	5469
4304	5470
5096	5471
3486	5472
6557	5473
7490	5474
8962	5475
6775	5476
7126	5477
7762	5478
5379	5479
1472	5480
4345	5481
239	5482
404	5483
103	5484
7903	5485
3300	5486
7624	5487
353	5488
2910	5489
6141	5490
842	5491
2862	5492
6215	5493
9179	5494
8589	5495
7074	5496
995	5497
9325	5498
9261	5499
6276	5500
2409	5501
7759	5502
2428	5503
4461	5504
3261	5505
1327	5506
4567	5507
4477	5508
5677	5509
2912	5510
1303	5511
2566	5512
6248	5513
8355	5514
9705	5515
2894	5516
6213	5517
5653	5518
2065	5519
6771	5520
5070	5521
6805	5522
1018	5523
56	5524
9659	5525
9455	5526
8565	5527
3945	5528
9549	5529
7584	5530
7963	5531
9175	5532
1451	5533
6499	5534
6096	5535
6431	5536
7185	5537
1398	5538
5783	5539
162	5540
5951	5541
3844	5542
510	5543
4375	5544
9665	5545
6854	5546
8773	5547
8223	5548
2012	5549
3752	5550
9699	5551
1014	5552
6458	5553
1066	5554
5756	5555
737	5556
2721	5557
9418	5558
4563	5559
7775	5560
3823	5561
8863	5562
5060	5563
5803	5564
2365	5565
4956	5566
7882	5567
3560	5568
1337	5569
21	5570
143	5571
7832	5572
5975	5573
5596	5574
4876	5575
6448	5576
6216	5577
8865	5578
1120	5579
5340	5580
3854	5581
4321	5582
5348	5583
3775	5584
7029	5585
6371	5586
63	5587
7657	5588
608	5589
5850	5590
137	5591
2992	5592
2704	5593
6652	5594
3883	5595
2242	5596
1705	5597
6467	5598
981	5599
8584	5600
5314	5601
9300	5602
3956	5603
9267	5604
153	5605
4859	5606
7758	5607
8765	5608
6928	5609
4298	5610
4438	5611
8938	5612
9638	5613
6824	5614
2768	5615
990	5616
4979	5617
1190	5618
1941	5619
5790	5620
5658	5621
2664	5622
4073	5623
6841	5624
1910	5625
2658	5626
6484	5627
9238	5628
2186	5629
4540	5630
765	5631
5566	5632
3135	5633
8354	5634
4836	5635
623	5636
8777	5637
3662	5638
8519	5639
2681	5640
3020	5641
598	5642
3103	5643
4760	5644
3843	5645
1015	5646
6307	5647
2525	5648
2201	5649
8730	5650
6759	5651
2528	5652
1401	5653
1959	5654
3493	5655
2734	5656
7968	5657
2113	5658
8172	5659
5866	5660
8713	5661
5627	5662
7282	5663
3143	5664
3702	5665
6022	5666
1232	5667
4881	5668
1359	5669
1889	5670
4062	5671
7847	5672
2018	5673
2784	5674
1870	5675
6885	5676
2543	5677
4072	5678
6732	5679
8953	5680
9132	5681
5359	5682
7587	5683
1564	5684
5190	5685
7766	5686
108	5687
5985	5688
3367	5689
6887	5690
7544	5691
527	5692
4559	5693
9344	5694
5013	5695
6459	5696
8227	5697
6962	5698
5963	5699
1513	5700
1087	5701
3416	5702
8417	5703
6298	5704
7807	5705
582	5706
2480	5707
7944	5708
2499	5709
8841	5710
8804	5711
7734	5712
1809	5713
1304	5714
1382	5715
8249	5716
667	5717
5258	5718
4861	5719
4354	5720
3793	5721
5261	5722
7958	5723
4363	5724
6495	5725
9029	5726
1528	5727
4702	5728
9298	5729
9140	5730
4134	5731
9011	5732
9191	5733
5837	5734
5983	5735
120	5736
7122	5737
2445	5738
8302	5739
1192	5740
4753	5741
3852	5742
8878	5743
3092	5744
148	5745
2415	5746
7392	5747
8950	5748
3166	5749
3922	5750
3013	5751
2086	5752
5637	5753
7259	5754
8030	5755
5269	5756
8085	5757
4619	5758
3029	5759
8784	5760
8201	5761
9091	5762
320	5763
1976	5764
6003	5765
3202	5766
2492	5767
7933	5768
5282	5769
5591	5770
8076	5771
7281	5772
729	5773
2401	5774
9704	5775
7354	5776
3513	5777
5374	5778
4672	5779
3452	5780
2674	5781
1713	5782
6163	5783
1216	5784
6985	5785
9178	5786
483	5787
3091	5788
3066	5789
7425	5790
4914	5791
5561	5792
3150	5793
3780	5794
5124	5795
8803	5796
7011	5797
8606	5798
5892	5799
5447	5800
5849	5801
4908	5802
9773	5803
4560	5804
9716	5805
8135	5806
9380	5807
1800	5808
5767	5809
4874	5810
3721	5811
723	5812
6703	5813
1085	5814
2588	5815
2066	5816
8237	5817
4769	5818
3564	5819
161	5820
1762	5821
2678	5822
7474	5823
1263	5824
6946	5825
3118	5826
3109	5827
6173	5828
453	5829
744	5830
7144	5831
8952	5832
4692	5833
8433	5834
6842	5835
33	5836
1291	5837
5486	5838
433	5839
1013	5840
8720	5841
120	5842
2011	5843
1004	5844
4770	5845
9765	5846
4849	5847
7834	5848
1799	5849
2280	5850
5634	5851
922	5852
4968	5853
1660	5854
5842	5855
5734	5856
1750	5857
6489	5858
1715	5859
5415	5860
9295	5861
6848	5862
1748	5863
6604	5864
2351	5865
8245	5866
3740	5867
8140	5868
3537	5869
4527	5870
3750	5871
5506	5872
3552	5873
696	5874
7336	5875
8419	5876
4611	5877
9557	5878
8586	5879
7094	5880
1054	5881
484	5882
179	5883
4454	5884
6104	5885
111	5886
1024	5887
2759	5888
4541	5889
2277	5890
3920	5891
9607	5892
307	5893
7435	5894
1019	5895
3892	5896
886	5897
1573	5898
2138	5899
8530	5900
7326	5901
4264	5902
5577	5903
6191	5904
7048	5905
5212	5906
6190	5907
1419	5908
2168	5909
3119	5910
4175	5911
4235	5912
6246	5913
5063	5914
2642	5915
9162	5916
773	5917
3052	5918
7721	5919
7695	5920
9215	5921
4740	5922
397	5923
9333	5924
4266	5925
7379	5926
5052	5927
3893	5928
4916	5929
6754	5930
6733	5931
2311	5932
1627	5933
5477	5934
3432	5935
9313	5936
6199	5937
2157	5938
9225	5939
2	5940
9804	5941
1415	5942
5898	5943
4475	5944
8342	5945
1524	5946
9034	5947
6859	5948
1	5949
1527	5950
8862	5951
7840	5952
4875	5953
4531	5954
359	5955
145	5956
4987	5957
6089	5958
669	5959
6670	5960
1566	5961
1563	5962
4856	5963
5323	5964
849	5965
6427	5966
7887	5967
4367	5968
2	5969
9147	5970
4179	5971
6954	5972
7478	5973
7243	5974
154	5975
685	5976
2818	5977
4370	5978
78	5979
821	5980
3968	5981
2	5982
4939	5983
7460	5984
5748	5985
8656	5986
8494	5987
2140	5988
1609	5989
3873	5990
2169	5991
7591	5992
3017	5993
903	5994
1138	5995
818	5996
8487	5997
1761	5998
5275	5999
6844	6000
3178	6001
4594	6002
9757	6003
3152	6004
7307	6005
8659	6006
4772	6007
8093	6008
3137	6009
1709	6010
4027	6011
4707	6012
2998	6013
1584	6014
1916	6015
6534	6016
6871	6017
8709	6018
8175	6019
3296	6020
4445	6021
1446	6022
6942	6023
1559	6024
2197	6025
7669	6026
299	6027
7294	6028
6999	6029
6571	6030
8750	6031
4485	6032
7345	6033
3701	6034
8484	6035
5273	6036
686	6037
4223	6038
4091	6039
5611	6040
3763	6041
2356	6042
3821	6043
4618	6044
354	6045
8320	6046
4417	6047
6907	6048
6043	6049
4746	6050
5817	6051
894	6052
3709	6053
7936	6054
1206	6055
8906	6056
1536	6057
5674	6058
5286	6059
6321	6060
5414	6061
255	6062
1789	6063
3980	6064
2733	6065
8011	6066
9729	6067
9086	6068
2135	6069
3634	6070
9322	6071
4076	6072
624	6073
989	6074
366	6075
2522	6076
3404	6077
1850	6078
8649	6079
6813	6080
7744	6081
3578	6082
8806	6083
3307	6084
681	6085
3810	6086
1915	6087
3231	6088
4734	6089
1661	6090
9345	6091
5469	6092
9074	6093
9668	6094
3255	6095
111	6096
1946	6097
1620	6098
5594	6099
4934	6100
7749	6101
8852	6102
2991	6103
1002	6104
242	6105
6028	6106
960	6107
4148	6108
6839	6109
265	6110
3695	6111
3779	6112
1795	6113
742	6114
1794	6115
2323	6116
5533	6117
1226	6118
1583	6119
5982	6120
9814	6121
8971	6122
2232	6123
2376	6124
8891	6125
9711	6126
8328	6127
3842	6128
3841	6129
1302	6130
5179	6131
3640	6132
9466	6133
1131	6134
7356	6135
3007	6136
6992	6137
8920	6138
9744	6139
4433	6140
1408	6141
6774	6142
5816	6143
4341	6144
9236	6145
6425	6146
2208	6147
1807	6148
8086	6149
1898	6150
2439	6151
4814	6152
7315	6153
8774	6154
4348	6155
5384	6156
3458	6157
8882	6158
3998	6159
852	6160
5095	6161
215	6162
2636	6163
2929	6164
9486	6165
6569	6166
7476	6167
2419	6168
7480	6169
5769	6170
4043	6171
3660	6172
7665	6173
7409	6174
2846	6175
5970	6176
702	6177
140	6178
1293	6179
3172	6180
4107	6181
1632	6182
6281	6183
3628	6184
2940	6185
271	6186
6330	6187
127	6188
3570	6189
7905	6190
2070	6191
7626	6192
1744	6193
7702	6194
1530	6195
4125	6196
9783	6197
116	6198
6180	6199
2049	6200
2826	6201
595	6202
1170	6203
3665	6204
1083	6205
4831	6206
4832	6207
2464	6208
8555	6209
3677	6210
4395	6211
2935	6212
6041	6213
2390	6214
6386	6215
2634	6216
8341	6217
8381	6218
3984	6219
8095	6220
5407	6221
1574	6222
3045	6223
9545	6224
1003	6225
1702	6226
1264	6227
5964	6228
40	6229
661	6230
2254	6231
5114	6232
3985	6233
1814	6234
5809	6235
1126	6236
7748	6237
7499	6238
6422	6239
7327	6240
1875	6241
5966	6242
5433	6243
2102	6244
5345	6245
5519	6246
5798	6247
1207	6248
3034	6249
8152	6250
1494	6251
8899	6252
7774	6253
2404	6254
6430	6255
7419	6256
1982	6257
9582	6258
9408	6259
5170	6260
5395	6261
201	6262
7938	6263
7849	6264
3999	6265
3753	6266
6403	6267
3765	6268
6714	6269
8657	6270
7573	6271
7049	6272
4336	6273
8390	6274
7096	6275
3749	6276
4533	6277
9237	6278
1839	6279
3917	6280
1397	6281
9346	6282
85	6283
6319	6284
5681	6285
5158	6286
819	6287
4215	6288
2175	6289
6377	6290
6166	6291
6834	6292
4582	6293
5038	6294
9007	6295
4923	6296
3837	6297
3182	6298
1796	6299
2099	6300
9047	6301
6669	6302
5241	6303
6964	6304
9387	6305
7237	6306
1331	6307
1320	6308
3282	6309
3495	6310
7160	6311
9477	6312
5356	6313
3688	6314
5326	6315
3807	6316
8825	6317
3959	6318
7058	6319
5619	6320
5015	6321
2896	6322
5679	6323
5643	6324
1081	6325
5251	6326
2190	6327
3290	6328
721	6329
4650	6330
3861	6331
303	6332
3923	6333
7796	6334
628	6335
6963	6336
1424	6337
9620	6338
8420	6339
7332	6340
3831	6341
2255	6342
3761	6343
428	6344
425	6345
7947	6346
9568	6347
7777	6348
321	6349
3146	6350
2944	6351
2319	6352
3129	6353
4111	6354
5343	6355
5089	6356
698	6357
3961	6358
125	6359
564	6360
2340	6361
6977	6362
150	6363
1931	6364
4575	6365
5125	6366
1947	6367
5184	6368
4920	6369
9634	6370
2703	6371
4226	6372
4982	6373
7244	6374
1684	6375
8619	6376
2713	6377
3419	6378
1363	6379
665	6380
48	6381
131	6382
7365	6383
8333	6384
6858	6385
6562	6386
4833	6387
2902	6388
3071	6389
9637	6390
6579	6391
3799	6392
1953	6393
7641	6394
4486	6395
1894	6396
4216	6397
9308	6398
5274	6399
8431	6400
7286	6401
4518	6402
1696	6403
9059	6404
6287	6405
476	6406
3757	6407
9289	6408
6445	6409
9693	6410
3	6411
7211	6412
9342	6413
4564	6414
29	6415
3580	6416
2228	6417
1741	6418
4626	6419
4000	6420
2182	6421
4988	6422
4145	6423
3978	6424
1100	6425
2572	6426
6827	6427
1294	6428
633	6429
8347	6430
5875	6431
855	6432
37	6433
4234	6434
9099	6435
7891	6436
618	6437
7104	6438
4352	6439
5307	6440
933	6441
2079	6442
1011	6443
5298	6444
896	6445
1429	6446
3147	6447
470	6448
5458	6449
5456	6450
1630	6451
1924	6452
6786	6453
1555	6454
3258	6455
4166	6456
7090	6457
3374	6458
3338	6459
8482	6460
7472	6461
4416	6462
8448	6463
3568	6464
3306	6465
6020	6466
464	6467
5609	6468
572	6469
6593	6470
4696	6471
5322	6472
3997	6473
6678	6474
3976	6475
6423	6476
3972	6477
971	6478
2407	6479
6031	6480
7443	6481
7057	6482
2386	6483
8697	6484
3927	6485
3259	6486
2708	6487
956	6488
858	6489
7408	6490
8886	6491
4356	6492
298	6493
9376	6494
9	6495
7421	6496
9165	6497
7107	6498
4802	6499
4231	6500
1753	6501
6201	6502
7489	6503
3420	6504
4542	6505
2973	6506
4071	6507
6782	6508
4279	6509
91	6510
4413	6511
8248	6512
507	6513
2644	6514
9130	6515
5249	6516
3070	6517
5247	6518
2599	6519
3323	6520
5882	6521
925	6522
5616	6523
473	6524
9020	6525
4219	6526
6120	6527
529	6528
7404	6529
3439	6530
3412	6531
5316	6532
7022	6533
8698	6534
3440	6535
5225	6536
7705	6537
1290	6538
2556	6539
8682	6540
6426	6541
4689	6542
4172	6543
566	6544
9316	6545
38	6546
4572	6547
8929	6548
3555	6549
8033	6550
2820	6551
8307	6552
8077	6553
88	6554
2468	6555
8446	6556
18	6557
2671	6558
4657	6559
2666	6560
8300	6561
2073	6562
4887	6563
771	6564
8545	6565
4580	6566
2596	6567
3964	6568
5868	6569
3163	6570
3096	6571
3294	6572
5470	6573
4747	6574
4938	6575
5492	6576
5432	6577
6612	6578
252	6579
2262	6580
6179	6581
7210	6582
2224	6583
1829	6584
7121	6585
3041	6586
3201	6587
1791	6588
2119	6589
5425	6590
6745	6591
4292	6592
5556	6593
6194	6594
9579	6595
3955	6596
9374	6597
8373	6598
6420	6599
3898	6600
2906	6601
9016	6602
6666	6603
8316	6604
4513	6605
2669	6606
8051	6607
508	6608
7466	6609
3391	6610
5370	6611
3225	6612
7600	6613
9561	6614
8415	6615
4764	6616
1973	6617
7252	6618
2321	6619
6663	6620
5205	6621
3303	6622
550	6623
6263	6624
1798	6625
9672	6626
4958	6627
4565	6628
3692	6629
6262	6630
2753	6631
1442	6632
6874	6633
1593	6634
1975	6635
8810	6636
2107	6637
6674	6638
4961	6639
6619	6640
9079	6641
3605	6642
4605	6643
1220	6644
6702	6645
2807	6646
2399	6647
4093	6648
1175	6649
2080	6650
261	6651
2965	6652
2908	6653
9734	6654
2836	6655
4209	6656
333	6657
8368	6658
4783	6659
4050	6660
3808	6661
4585	6662
9652	6663
6536	6664
4606	6665
6503	6666
9591	6667
9747	6668
548	6669
9292	6670
7206	6671
2353	6672
3339	6673
216	6674
7660	6675
395	6676
5081	6677
2056	6678
6901	6679
2714	6680
7877	6681
436	6682
1929	6683
6764	6684
9598	6685
4811	6686
5791	6687
7871	6688
3706	6689
825	6690
2058	6691
7913	6692
7992	6693
3548	6694
704	6695
2707	6696
2871	6697
2348	6698
8489	6699
4335	6700
6605	6701
7007	6702
6609	6703
4544	6704
5186	6705
7052	6706
8613	6707
9553	6708
9365	6709
7338	6710
9664	6711
5922	6712
9641	6713
6515	6714
8324	6715
7248	6716
2546	6717
9733	6718
5881	6719
7438	6720
7083	6721
9776	6722
8618	6723
2684	6724
5436	6725
9640	6726
7525	6727
6069	6728
6602	6729
7751	6730
3784	6731
7731	6732
5686	6733
5338	6734
472	6735
3084	6736
7473	6737
4535	6738
4383	6739
7124	6740
9293	6741
3128	6742
8860	6743
224	6744
6475	6745
8359	6746
5281	6747
3866	6748
5621	6749
6156	6750
3887	6751
8564	6752
9371	6753
3519	6754
687	6755
2840	6756
1185	6757
3506	6758
5976	6759
6097	6760
7687	6761
7576	6762
7298	6763
6751	6764
2436	6765
2204	6766
6634	6767
97	6768
3354	6769
7537	6770
3889	6771
7501	6772
6518	6773
9434	6774
4855	6775
6384	6776
1078	6777
2516	6778
3756	6779
9669	6780
9307	6781
1495	6782
9213	6783
5645	6784
2866	6785
5661	6786
4795	6787
688	6788
8168	6789
3478	6790
8756	6791
4826	6792
596	6793
7481	6794
3813	6795
3600	6796
9324	6797
2540	6798
3359	6799
6463	6800
7558	6801
824	6802
1664	6803
5178	6804
2250	6805
6913	6806
8669	6807
109	6808
3443	6809
2853	6810
423	6811
2385	6812
3159	6813
175	6814
7971	6815
2036	6816
9239	6817
1107	6818
6206	6819
3504	6820
4466	6821
7940	6822
317	6823
6589	6824
2770	6825
2788	6826
4571	6827
5203	6828
7711	6829
8923	6830
1248	6831
1239	6832
2200	6833
5011	6834
4698	6835
8021	6836
7943	6837
3581	6838
9354	6839
8125	6840
2869	6841
3637	6842
7521	6843
1893	6844
2858	6845
5992	6846
1523	6847
2918	6848
516	6849
7923	6850
8884	6851
8049	6852
8972	6853
791	6854
4023	6855
1662	6856
799	6857
8821	6858
8611	6859
8609	6860
3685	6861
3526	6862
3179	6863
2434	6864
3246	6865
9303	6866
6125	6867
22	6868
1399	6869
2561	6870
6835	6871
8512	6872
6118	6873
357	6874
2789	6875
9554	6876
1787	6877
9257	6878
291	6879
2553	6880
102	6881
8259	6882
4087	6883
7146	6884
4258	6885
5993	6886
7331	6887
1984	6888
3884	6889
9423	6890
6038	6891
6030	6892
5738	6893
7668	6894
2455	6895
8999	6896
4681	6897
1075	6898
3472	6899
8549	6900
4897	6901
2650	6902
1547	6903
6778	6904
3781	6905
9220	6906
7712	6907
9318	6908
3482	6909
9410	6910
4112	6911
1051	6912
6255	6913
6468	6914
1780	6915
2117	6916
5523	6917
5341	6918
3253	6919
1816	6920
9762	6921
1815	6922
7337	6923
8221	6924
1996	6925
4069	6926
3549	6927
8535	6928
7595	6929
2486	6930
2964	6931
9609	6932
3943	6933
8596	6934
8980	6935
432	6936
325	6937
4385	6938
5576	6939
6051	6940
342	6941
73	6942
1740	6943
6650	6944
2156	6945
775	6946
493	6947
2352	6948
5288	6949
3058	6950
4872	6951
6209	6952
3551	6953
7709	6954
8315	6955
1502	6956
6869	6957
4690	6958
4797	6959
2412	6960
8526	6961
1039	6962
9500	6963
2198	6964
7868	6965
6428	6966
6883	6967
8566	6968
6247	6969
6196	6970
6916	6971
5445	6972
160	6973
5586	6974
6893	6975
1041	6976
92	6977
7367	6978
8038	6979
5023	6980
9009	6981
9008	6982
3318	6983
6673	6984
7667	6985
8573	6986
6906	6987
5779	6988
5950	6989
379	6990
5100	6991
122	6992
60	6993
3713	6994
5308	6995
5896	6996
7319	6997
2391	6998
5959	6999
6902	7000
6392	7001
9689	7002
3142	7003
3464	7004
6488	7005
6299	7006
9127	7007
1972	7008
2155	7009
108	7010
7201	7011
2931	7012
1606	7013
2565	7014
1241	7015
5378	7016
75	7017
5930	7018
2041	7019
7158	7020
8747	7021
4799	7022
9206	7023
4287	7024
69	7025
9419	7026
4229	7027
4059	7028
4621	7029
8488	7030
6461	7031
1631	7032
5932	7033
1259	7034
9621	7035
115	7036
4708	7037
5931	7038
2587	7039
7645	7040
7153	7041
1877	7042
5313	7043
2521	7044
8358	7045
579	7046
5626	7047
8673	7048
4142	7049
6042	7050
5030	7051
2469	7052
7566	7053
5118	7054
9181	7055
3210	7056
6169	7057
9674	7058
4644	7059
2512	7060
8262	7061
7519	7062
7518	7063
8767	7064
3678	7065
6494	7066
355	7067
7258	7068
7880	7069
6369	7070
5139	7071
9067	7072
1496	7073
8711	7074
4500	7075
3389	7076
9386	7077
9389	7078
7794	7079
6651	7080
1413	7081
9306	7082
973	7083
1695	7084
3652	7085
2152	7086
144	7087
5311	7088
901	7089
3586	7090
9685	7091
1456	7092
3786	7093
4643	7094
8556	7095
8426	7096
706	7097
5862	7098
8876	7099
8579	7100
9442	7101
4699	7102
9445	7103
5828	7104
5526	7105
8570	7106
8434	7107
3728	7108
5796	7109
7113	7110
5145	7111
2489	7112
4318	7113
4492	7114
1095	7115
2027	7116
8366	7117
221	7118
932	7119
734	7120
8453	7121
6240	7122
994	7123
6577	7124
253	7125
2835	7126
521	7127
6587	7128
1300	7129
4679	7130
8496	7131
7350	7132
5309	7133
5092	7134
7162	7135
4528	7136
58	7137
7814	7138
4355	7139
8956	7140
6613	7141
3865	7142
2893	7143
4120	7144
8343	7145
5836	7146
2936	7147
8627	7148
7828	7149
3594	7150
1617	7151
7680	7152
7192	7153
7932	7154
7066	7155
3305	7156
8672	7157
8379	7158
5442	7159
4350	7160
768	7161
3572	7162
8537	7163
204	7164
1560	7165
3448	7166
7403	7167
6629	7168
6872	7169
9604	7170
570	7171
1200	7172
1967	7173
58	7174
6161	7175
5315	7176
4446	7177
5863	7178
3425	7179
9618	7180
99	7181
6927	7182
8017	7183
9624	7184
1147	7185
9756	7186
7619	7187
5956	7188
9828	7189
7812	7190
6133	7191
3257	7192
6476	7193
545	7194
6791	7195
9528	7196
8533	7197
1882	7198
2638	7199
1500	7200
3541	7201
1698	7202
6355	7203
6708	7204
2257	7205
8896	7206
1585	7207
7302	7208
9001	7209
2467	7210
3203	7211
95	7212
3234	7213
499	7214
1611	7215
889	7216
5409	7217
5759	7218
7152	7219
5483	7220
883	7221
7352	7222
1930	7223
2297	7224
3262	7225
6026	7226
7883	7227
1478	7228
4202	7229
9334	7230
1130	7231
4663	7232
8585	7233
5221	7234
9588	7235
5496	7236
142	7237
743	7238
2110	7239
8160	7240
6558	7241
459	7242
7926	7243
495	7244
5856	7245
2154	7246
4510	7247
5874	7248
4032	7249
9114	7250
8867	7251
632	7252
4365	7253
7284	7254
3407	7255
8758	7256
3582	7257
683	7258
4995	7259
6746	7260
5278	7261
3269	7262
3569	7263
3437	7264
1086	7265
5357	7266
2816	7267
262	7268
8010	7269
904	7270
7021	7271
2749	7272
7934	7273
6897	7274
9441	7275
7622	7276
1842	7277
4616	7278
2882	7279
8532	7280
3249	7281
8339	7282
5277	7283
8960	7284
7621	7285
2567	7286
9154	7287
8820	7288
7278	7289
7303	7290
5287	7291
1926	7292
1068	7293
4851	7294
4932	7295
8684	7296
6940	7297
4977	7298
4524	7299
3133	7300
3995	7301
7287	7302
5053	7303
4863	7304
6254	7305
1321	7306
2164	7307
2958	7308
7462	7309
9094	7310
2904	7311
7148	7312
3312	7313
1344	7314
6899	7315
1418	7316
2841	7317
5049	7318
6278	7319
4791	7320
7494	7321
6529	7322
4135	7323
9022	7324
660	7325
9778	7326
6845	7327
1823	7328
5758	7329
6010	7330
8133	7331
1689	7332
2460	7333
7207	7334
7371	7335
8525	7336
3012	7337
8700	7338
2437	7339
8501	7340
7732	7341
6823	7342
1177	7343
9508	7344
1049	7345
3450	7346
3156	7347
5466	7348
9249	7349
9353	7350
6107	7351
5522	7352
946	7353
5021	7354
85	7355
74	7356
8166	7357
2382	7358
7085	7359
8508	7360
9660	7361
6228	7362
7157	7363
7279	7364
6301	7365
1021	7366
5827	7367
5119	7368
7382	7369
4457	7370
8063	7371
1141	7372
708	7373
5599	7374
6144	7375
8483	7376
6407	7377
5392	7378
3403	7379
9314	7380
3345	7381
5511	7382
6542	7383
707	7384
2990	7385
4714	7386
8371	7387
8089	7388
33	7389
606	7390
4009	7391
7423	7392
5733	7393
5984	7394
867	7395
9431	7396
2160	7397
8513	7398
9768	7399
7574	7400
5219	7401
2394	7402
8739	7403
3244	7404
3834	7405
6338	7406
5974	7407
9671	7408
135	7409
5969	7410
8688	7411
6984	7412
4890	7413
7325	7414
2752	7415
6432	7416
5736	7417
590	7418
8604	7419
8948	7420
5047	7421
7138	7422
6490	7423
9718	7424
3897	7425
6457	7426
2285	7427
7601	7428
6311	7429
6174	7430
2706	7431
1591	7432
8081	7433
7295	7434
4299	7435
6948	7436
3698	7437
5513	7438
539	7439
8097	7440
382	7441
2030	7442
714	7443
7109	7444
8232	7445
1009	7446
2604	7447
5162	7448
6718	7449
4629	7450
64	7451
2221	7452
2336	7453
3890	7454
1261	7455
790	7456
7904	7457
4429	7458
6245	7459
593	7460
5820	7461
7609	7462
6208	7463
3005	7464
3773	7465
1641	7466
3938	7467
334	7468
7010	7469
63	7470
6921	7471
1474	7472
4996	7473
9823	7474
4846	7475
2923	7476
859	7477
8654	7478
7799	7479
7517	7480
7640	7481
8981	7482
7899	7483
6312	7484
1283	7485
2071	7486
5171	7487
1489	7488
8996	7489
8998	7490
3481	7491
6556	7492
5973	7493
2381	7494
2449	7495
3376	7496
2459	7497
1980	7498
1837	7499
138	7500
5140	7501
3676	7502
6378	7503
8116	7504
7575	7505
3380	7506
6817	7507
6995	7508
2045	7509
2834	7510
5263	7511
2246	7512
646	7513
6975	7514
3617	7515
1845	7516
4904	7517
5897	7518
9138	7519
14	7520
6623	7521
8936	7522
6336	7523
8176	7524
9221	7525
6349	7526
5873	7527
5766	7528
1117	7529
1917	7530
3424	7531
5236	7532
8734	7533
4453	7534
739	7535
8163	7536
9262	7537
1825	7538
8156	7539
848	7540
2649	7541
4957	7542
8598	7543
1707	7544
6750	7545
7941	7546
2216	7547
6710	7548
2648	7549
9562	7550
4569	7551
1838	7552
3485	7553
1406	7554
8236	7555
199	7556
195	7557
2934	7558
7966	7559
6129	7560
2659	7561
4160	7562
8511	7563
137	7564
6914	7565
8151	7566
8875	7567
2193	7568
9053	7569
9253	7570
6443	7571
4868	7572
5909	7573
6653	7574
7916	7575
7500	7576
3232	7577
1179	7578
6374	7579
9083	7580
9321	7581
6600	7582
3151	7583
1332	7584
4553	7585
1105	7586
197	7587
5149	7588
1260	7589
5508	7590
105	7591
5127	7592
6047	7593
7262	7594
2141	7595
8868	7596
1231	7597
2325	7598
4338	7599
4019	7600
3357	7601
4162	7602
2824	7603
243	7604
8675	7605
8104	7606
9594	7607
7139	7608
4638	7609
5083	7610
7081	7611
8984	7612
52	7613
963	7614
7580	7615
2517	7616
3598	7617
186	7618
8983	7619
8985	7620
8982	7621
6300	7622
8034	7623
6654	7624
3921	7625
1969	7626
3235	7627
4870	7628
1835	7629
6329	7630
2774	7631
5668	7632
3655	7633
2559	7634
3949	7635
9424	7636
7242	7637
4442	7638
988	7639
2988	7640
8858	7641
5745	7642
5419	7643
9709	7644
5006	7645
7092	7646
4534	7647
5067	7648
5690	7649
2322	7650
4604	7651
2655	7652
6969	7653
2694	7654
6803	7655
792	7656
6238	7657
2785	7658
329	7659
5039	7660
5865	7661
2092	7662
8331	7663
8014	7664
4930	7665
7439	7666
5823	7667
2281	7668
7568	7669
169	7670
5438	7671
3827	7672
2623	7673
2358	7674
7097	7675
4695	7676
5033	7677
7389	7678
7360	7679
2978	7680
1223	7681
3940	7682
5859	7683
8326	7684
2084	7685
2360	7686
9117	7687
8203	7688
2429	7689
2314	7690
3451	7691
5230	7692
5888	7693
2505	7694
348	7695
1072	7696
1336	7697
2890	7698
5564	7699
7565	7700
5435	7701
5337	7702
9235	7703
6575	7704
9489	7705
5916	7706
5580	7707
5499	7708
9720	7709
2081	7710
2725	7711
1614	7712
9701	7713
735	7714
5940	7715
8779	7716
3567	7717
3435	7718
6460	7719
3919	7720
8188	7721
6867	7722
3496	7723
620	7724
8567	7725
8036	7726
8578	7727
7827	7728
4981	7729
9143	7730
8812	7731
5981	7732
3344	7733
7224	7734
7505	7735
6264	7736
194	7737
2033	7738
7707	7739
384	7740
3684	7741
8059	7742
1562	7743
9172	7744
4436	7745
6665	7746
8794	7747
4256	7748
7872	7749
8374	7750
6151	7751
7504	7752
9407	7753
3820	7754
568	7755
8043	7756
7241	7757
5130	7758
5491	7759
8548	7760
9585	7761
8169	7762
7269	7763
6790	7764
3003	7765
2338	7766
2392	7767
5217	7768
7564	7769
720	7770
8394	7771
1822	7772
5614	7773
4620	7774
8503	7775
2798	7776
3697	7777
3666	7778
1255	7779
5213	7780
7341	7781
755	7782
2762	7783
3217	7784
4973	7785
2091	7786
6952	7787
5440	7788
1655	7789
6922	7790
5153	7791
7771	7792
6098	7793
6690	7794
8857	7795
898	7796
2367	7797
266	7798
7247	7799
7366	7800
4720	7801
1678	7802
4259	7803
4805	7804
3218	7805
5541	7806
1797	7807
8250	7808
4204	7809
6086	7810
9647	7811
4344	7812
4181	7813
443	7814
8228	7815
5933	7816
5262	7817
3795	7818
6033	7819
2239	7820
5656	7821
3387	7822
363	7823
3520	7824
8822	7825
279	7826
2134	7827
6268	7828
5947	7829
6908	7830
3019	7831
2938	7832
3476	7833
7291	7834
2593	7835
1491	7836
1532	7837
853	7838
3494	7839
4315	7840
5724	7841
6983	7842
6561	7843
5216	7844
7156	7845
1111	7846
4922	7847
1704	7848
7800	7849
2748	7850
5635	7851
670	7852
7186	7853
5551	7854
3771	7855
343	7856
3242	7857
1030	7858
6282	7859
8295	7860
3328	7861
7183	7862
375	7863
6920	7864
2371	7865
6160	7866
4839	7867
7706	7868
8144	7869
3145	7870
6876	7871
6130	7872
5400	7873
727	7874
8428	7875
1841	7876
2095	7877
1329	7878
3942	7879
3616	7880
4016	7881
3609	7882
9190	7883
4991	7884
5463	7885
4717	7886
1127	7887
5350	7888
1174	7889
6578	7890
6399	7891
2269	7892
62	7893
8895	7894
1137	7895
3977	7896
1728	7897
8455	7898
6233	7899
8301	7900
9799	7901
9381	7902
8269	7903
2626	7904
5320	7905
2551	7906
574	7907
7620	7908
7485	7909
104	7910
5253	7911
4641	7912
8791	7913
1554	7914
7396	7915
565	7916
7881	7917
7159	7918
5826	7919
2756	7920
862	7921
4122	7922
3378	7923
9161	7924
4210	7925
99	7926
8369	7927
3531	7928
6891	7929
8919	7930
7078	7931
9056	7932
3136	7933
4946	7934
5520	7935
2332	7936
8378	7937
8261	7938
2421	7939
7383	7940
1145	7941
4669	7942
1094	7943
498	7944
3859	7945
1187	7946
6327	7947
3270	7948
6057	7949
3433	7950
4191	7951
364	7952
8336	7953
2857	7954
3008	7955
7087	7956
2716	7957
3349	7958
2120	7959
8829	7960
112	7961
1759	7962
7797	7963
198	7964
9805	7965
3292	7966
8429	7967
4652	7968
1189	7969
4627	7970
2986	7971
8120	7972
5411	7973
4878	7974
567	7975
4653	7976
3245	7977
427	7978
431	7979
2060	7980
4448	7981
6528	7982
2563	7983
2061	7984
2335	7985
4114	7986
2441	7987
2302	7988
4793	7989
6049	7990
490	7991
533	7992
7133	7993
8908	7994
4514	7995
6546	7996
268	7997
4396	7998
3840	7999
270	8000
1771	8001
21	8002
4037	8003
2584	8004
7951	8005
7444	8006
2518	8007
797	8008
621	8009
140	8010
4537	8011
4591	8012
147	8013
1734	8014
6064	8015
7181	8016
7044	8017
5428	8018
9810	8019
7742	8020
7741	8021
430	8022
7353	8023
8517	8024
1029	8025
6890	8026
3375	8027
8795	8028
7428	8029
1549	8030
7974	8031
1129	8032
5937	8033
3533	8034
9447	8035
5524	8036
3641	8037
9507	8038
9471	8039
1322	8040
1855	8041
6625	8042
8214	8043
4397	8044
3181	8045
9587	8046
6383	8047
8356	8048
1940	8049
2562	8050
5449	8051
650	8052
3693	8053
3726	8054
1113	8055
2498	8056
5852	8057
7285	8058
6066	8059
2746	8060
6789	8061
7723	8062
8531	8063
3122	8064
7724	8065
3965	8066
2131	8067
344	8068
3939	8069
5785	8070
7108	8071
8274	8072
8848	8073
346	8074
5336	8075
6565	8076
2171	8077
8783	8078
3197	8079
961	8080
752	8081
753	8082
15	8083
15	8084
754	8085
5264	8086
7513	8087
1159	8088
1739	8089
5742	8090
9443	8091
6725	8092
6117	8093
4642	8094
6253	8095
7431	8096
6171	8097
2689	8098
1873	8099
7773	8100
3862	8101
1234	8102
2921	8103
8129	8104
7839	8105
1652	8106
4330	8107
349	8108
4711	8109
7414	8110
9523	8111
345	8112
8782	8113
8667	8114
8624	8115
6501	8116
2172	8117
9683	8118
3466	8119
1000	8120
2167	8121
5388	8122
9291	8123
6712	8124
3237	8125
8044	8126
5142	8127
4351	8128
133	8129
9560	8130
3418	8131
3863	8132
3916	8133
8989	8134
1492	8135
6101	8136
5786	8137
145	8138
7747	8139
9023	8140
7935	8141
1096	8142
782	8143
5041	8144
8973	8145
4080	8146
1506	8147
2957	8148
4810	8149
8670	8150
6	8151
749	8152
6743	8153
6273	8154
1905	8155
1965	8156
3089	8157
1365	8158
7047	8159
1244	8160
8400	8161
7168	8162
8934	8163
4517	8164
1266	8165
7487	8166
8912	8167
3453	8168
8612	8169
7208	8170
5891	8171
2482	8172
6007	8173
7086	8174
4034	8175
1099	8176
7851	8177
9416	8178
7852	8179
8978	8180
6812	8181
9255	8182
6763	8183
5331	8184
4864	8185
8778	8186
6649	8187
3824	8188
8207	8189
3953	8190
5528	8191
3325	8192
1148	8193
6826	8194
8520	8195
9741	8196
3627	8197
9743	8198
8652	8199
3811	8200
7589	8201
3465	8202
1508	8203
9052	8204
6502	8205
7069	8206
9243	8207
5663	8208
1927	8209
5765	8210
7553	8211
3792	8212
2263	8213
2256	8214
9141	8215
9802	8216
1603	8217
8399	8218
7870	8219
8270	8220
2451	8221
7196	8222
5794	8223
7089	8224
6648	8225
8376	8226
8226	8227
6229	8228
166	8229
3825	8230
4339	8231
7511	8232
3438	8233
3336	8234
5074	8235
4371	8236
1297	8237
3393	8238
6185	8239
8587	8240
4482	8241
6781	8242
9576	8243
3651	8244
3271	8245
1675	8246
7012	8247
6376	8248
1262	8249
5131	8250
4761	8251
2817	8252
2161	8253
4185	8254
4187	8255
4195	8256
4188	8257
4183	8258
5494	8259
4502	8260
7381	8261
2179	8262
9054	8263
8353	8264
1417	8265
5129	8266
6994	8267
6720	8268
7629	8269
3287	8270
5290	8271
9199	8272
8322	8273
5676	8274
2778	8275
2777	8276
1654	8277
7864	8278
993	8279
7001	8280
7137	8281
4151	8282
5134	8283
6773	8284
6416	8285
812	8286
4754	8287
332	8288
1642	8289
4084	8290
8009	8291
8651	8292
3149	8293
2165	8294
7442	8295
4603	8296
1020	8297
1197	8298
3577	8299
8859	8300
7169	8301
6274	8302
7002	8303
7549	8304
1050	8305
2275	8306
8793	8307
6040	8308
9433	8309
4843	8310
7817	8311
4379	8312
6564	8313
8037	8314
7555	8315
3539	8316
4098	8317
4767	8318
2180	8319
5986	8320
7804	8321
406	8322
5636	8323
7272	8324
152	8325
4347	8326
776	8327
1902	8328
9071	8329
4161	8330
6188	8331
8728	8332
1840	8333
6599	8334
9811	8335
7257	8336
9366	8337
4176	8338
5434	8339
5666	8340
75	8341
1076	8342
185	8343
3954	8344
9695	8345
2326	8346
2243	8347
7205	8348
4964	8349
7430	8350
68	8351
2739	8352
3822	8353
7602	8354
9622	8355
6660	8356
2490	8357
2624	8358
4880	8359
264	8360
9730	8361
8310	8362
5610	8363
9273	8364
2003	8365
8150	8366
3672	8367
9517	8368
3302	8369
3278	8370
864	8371
9097	8372
2237	8373
1157	8374
1058	8375
7362	8376
1064	8377
113	8378
2296	8379
1887	8380
6825	8381
6285	8382
9277	8383
2832	8384
9411	8385
76	8386
1540	8387
9075	8388
8815	8389
4789	8390
9830	8391
7129	8392
3280	8393
8131	8394
6809	8395
52	8396
5019	8397
8215	8398
1438	8399
5154	8400
2941	8401
6102	8402
6352	8403
1596	8404
929	8405
5746	8406
2621	8407
2622	8408
4997	8409
3992	8410
4401	8411
1270	8412
172	8413
1403	8414
4274	8415
7902	8416
8332	8417
4758	8418
4759	8419
7236	8420
237	8421
1598	8422
2417	8423
1265	8424
1736	8425
7361	8426
7845	8427
5589	8428
4915	8429
497	8430
7492	8431
2530	8432
119	8433
142	8434
8268	8435
3492	8436
3356	8437
8759	8438
9569	8439
27	8440
6511	8441
3116	8442
2264	8443
5935	8444
9264	8445
4765	8446
5353	8447
3186	8448
9546	8449
9163	8450
560	8451
6614	8452
4105	8453
4	8454
7218	8455
4665	8456
2738	8457
718	8458
6694	8459
4138	8460
4128	8461
9692	8462
2654	8463
645	8464
8909	8465
3015	8466
3547	8467
1025	8468
3816	8469
6217	8470
7713	8471
3422	8472
6039	8473
4656	8474
1460	8475
6638	8476
7876	8477
1404	8478
1026	8479
98	8480
9019	8481
694	8482
5207	8483
1869	8484
4228	8485
1602	8486
6437	8487
2688	8488
8554	8489
2347	8490
8819	8491
2260	8492
7588	8493
7822	8494
910	8495
103	8496
6833	8497
2597	8498
4847	8499
3766	8500
3603	8501
7292	8502
6875	8503
3381	8504
5712	8505
750	8506
7878	8507
9499	8508
489	8509
603	8510
840	8511
3720	8512
6800	8513
1703	8514
2230	8515
6454	8516
151	8517
6863	8518
648	8519
3934	8520
5567	8521
9227	8522
6957	8523
1605	8524
7004	8525
8843	8526
2462	8527
8060	8528
3406	8529
30	8530
2555	8531
9021	8532
5550	8533
88	8534
8190	8535
1732	8536
8427	8537
3031	8538
3075	8539
764	8540
7728	8541
5210	8542
9667	8543
1158	8544
3657	8545
118	8546
6739	8547
605	8548
7088	8549
4519	8550
7251	8551
9475	8552
2021	8553
8832	8554
3639	8555
9278	8556
2223	8557
1326	8558
9098	8559
7151	8560
5478	8561
2916	8562
1473	8563
7536	8564
1871	8565
2692	8566
4943	8567
5126	8568
6308	8569
8890	8570
5209	8571
757	8572
1667	8573
1511	8574
5231	8575
3063	8576
7594	8577
4144	8578
6904	8579
1624	8580
8926	8581
2640	8582
1623	8583
1723	8584
4319	8585
9214	8586
1899	8587
1832	8588
7975	8589
8898	8590
7650	8591
6235	8592
3161	8593
7194	8594
2276	8595
3108	8596
1881	8597
8287	8598
4871	8599
1668	8600
3778	8601
7217	8602
7413	8603
141	8604
9566	8605
4705	8606
3540	8607
8499	8608
8840	8609
9331	8610
4508	8611
5552	8612
3696	8613
4136	8614
5782	8615
8771	8616
2793	8617
6692	8618
8479	8619
3414	8620
139	8621
4017	8622
1084	8623
157	8624
223	8625
1237	8626
9436	8627
7896	8628
7739	8629
948	8630
8055	8631
7637	8632
9555	8633
8571	8634
8264	8635
1758	8636
8449	8637
619	8638
7532	8639
6444	8640
5972	8641
2359	8642
6937	8643
6364	8644
8723	8645
6539	8646
5301	8647
3601	8648
8197	8649
1738	8650
8345	8651
726	8652
4263	8653
3209	8654
8678	8655
1853	8656
8502	8657
4647	8658
7616	8659
4269	8660
1904	8661
7635	8662
4421	8663
1944	8664
8031	8665
6280	8666
1928	8667
9134	8668
4796	8669
50	8670
8583	8671
8689	8672
4117	8673
7530	8674
2274	8675
5417	8676
5173	8677
5532	8678
2109	8679
6657	8680
9417	8681
67	8682
871	8683
6566	8684
3370	8685
701	8686
6486	8687
2082	8688
6058	8689
7271	8690
8032	8691
290	8692
1103	8693
408	8694
616	8695
1966	8696
2491	8697
8393	8698
1943	8699
1519	8700
4952	8701
3250	8702
1142	8703
3871	8704
7299	8705
6438	8706
6655	8707
4972	8708
2686	8709
7498	8710
8718	8711
7304	8712
4704	8713
7919	8714
3272	8715
2217	8716
8743	8717
5310	8718
6372	8719
3123	8720
8213	8721
3759	8722
9681	8723
107	8724
4962	8725
6204	8726
8056	8727
4346	8728
9311	8729
9274	8730
6395	8731
2085	8732
5426	8733
2293	8734
1420	8735
9049	8736
6801	8737
3215	8738
6944	8739
9229	8740
4710	8741
5327	8742
5893	8743
82	8744
2699	8745
6124	8746
7842	8747
7019	8748
2231	8749
9068	8750
4697	8751
2672	8752
3802	8753
7611	8754
8660	8755
1625	8756
3385	8757
7985	8758
380	8759
6332	8760
3021	8761
8309	8762
1788	8763
6093	8764
1384	8765
4159	8766
8065	8767
640	8768
9453	8769
4141	8770
5390	8771
7209	8772
6	8773
3944	8774
2478	8775
149	8776
4010	8777
9801	8778
6023	8779
2874	8780
5778	8781
8072	8782
2203	8783
8255	8784
9700	8785
908	8786
5	8787
9440	8788
9826	8789
662	8790
9105	8791
5773	8792
5965	8793
7320	8794
1521	8795
9497	8796
3932	8797
3691	8798
826	8799
911	8800
1410	8801
478	8802
1080	8803
7260	8804
211	8805
4243	8806
5386	8807
4499	8808
9492	8809
3604	8810
778	8811
3644	8812
7592	8813
1831	8814
3401	8815
1517	8816
8946	8817
2743	8818
3729	8819
1607	8820
7065	8821
5971	8822
6012	8823
8861	8824
7646	8825
4727	8826
8187	8827
7867	8828
305	8829
2501	8830
4340	8831
1409	8832
1645	8833
1539	8834
1757	8835
8375	8836
7167	8837
8727	8838
2673	8839
24	8840
3632	8841
3348	8842
1208	8843
6491	8844
5404	8845
2997	8846
5583	8847
6965	8848
1801	8849
6345	8850
3027	8851
4311	8852
5780	8853
6691	8854
741	8855
9186	8856
9302	8857
6958	8858
6500	8859
1776	8860
8738	8861
8	8862
1272	8863
8629	8864
9513	8865
8119	8866
296	8867
3857	8868
1958	8869
9129	8870
4060	8871
4323	8872
7931	8873
1214	8874
5585	8875
7025	8876
5020	8877
7465	8878
6132	8879
8	8880
2917	8881
829	8882
8218	8883
1389	8884
8	8885
7289	8886
9375	8887
9525	8888
189	8889
9355	8890
6996	8891
984	8892
5729	8893
5073	8894
2534	8895
6071	8896
1059	8897
642	8898
416	8899
5713	8900
17	8901
2557	8902
2741	8903
1557	8904
5530	8905
8500	8906
8987	8907
3868	8908
2339	8909
8462	8910
8751	8911
4574	8912
7900	8913
4722	8914
8977	8915
3334	8916
4549	8917
8805	8918
3905	8919
1295	8920
46	8921
8421	8922
3511	8923
8959	8924
1658	8925
2747	8926
8992	8927
9653	8928
2479	8929
5355	8930
9742	8931
2448	8932
9790	8933
1690	8934
2368	8935
8707	8936
276	8937
3274	8938
733	8939
653	8940
3206	8941
5998	8942
7593	8943
9102	8944
9520	8945
4548	8946
9666	8947
5902	8948
8965	8949
2149	8950
1101	8951
72	8952
2653	8953
3575	8954
684	8955
6053	8956
8552	8957
3573	8958
2006	8959
6366	8960
8457	8961
9491	8962
1047	8963
6446	8964
7276	8965
8194	8966
5722	8967
8386	8968
136	8969
4277	8970
1657	8971
1273	8972
861	8973
836	8974
2454	8975
7539	8976
9581	8977
3907	8978
6004	8979
4123	8980
6320	8981
4041	8982
1979	8983
8647	8984
1139	8985
2423	8986
4507	8987
5774	8988
400	8989
6258	8990
59	8991
2883	8992
7040	8993
8527	8994
6054	8995
5605	8996
7597	8997
1017	8998
756	8999
3427	9000
1691	9001
6257	9002
6744	9003
9472	9004
8254	9005
2450	9006
2379	9007
2821	9008
9722	9009
1316	9010
592	9011
6731	9012
3764	9013
803	9014
8022	9015
2424	9016
4896	9017
3162	9018
7150	9019
2310	9020
5958	9021
2823	9022
8057	9023
9633	9024
780	9025
4320	9026
4065	9027
2760	9028
100	9029
8692	9030
2538	9031
4261	9032
4290	9033
6705	9034
8763	9035
2447	9036
8012	9037
3157	9038
3718	9039
1314	9040
6323	9041
7497	9042
9769	9043
8744	9044
3405	9045
9787	9046
6516	9047
522	9048
2851	9049
8018	9050
985	9051
3010	9052
114	9053
442	9054
4063	9055
89	9056
89	9057
2115	9058
9583	9059
3962	9060
7059	9061
2667	9062
3408	9063
4948	9064
7098	9065
9385	9066
208	9067
1097	9068
2635	9069
2510	9070
312	9071
4227	9072
8796	9073
4154	9074
4566	9075
6695	9076
1589	9077
7266	9078
7450	9079
8334	9080
996	9081
1676	9082
5072	9083
3165	9084
4364	9085
3301	9086
1385	9087
1476	9088
9732	9089
7815	9090
9702	9091
8741	9092
3870	9093
3177	9094
3164	9095
4712	9096
1287	9097
534	9098
8461	9099
8559	9100
2985	9101
3279	9102
8389	9103
126	9104
1338	9105
465	9106
3125	9107
7228	9108
1427	9109
8534	9110
3219	9111
7582	9112
8834	9113
2185	9114
9782	9115
6032	9116
3654	9117
2206	9118
1431	9119
6025	9120
3267	9121
2007	9122
101	9123
2813	9124
420	9125
2691	9126
8719	9127
1219	9128
5953	9129
4408	9130
4675	9131
4813	9132
3751	9133
5957	9134
9444	9135
124	9136
7017	9137
9254	9138
1136	9139
4205	9140
5781	9141
2354	9142
5208	9143
843	9144
318	9145
3275	9146
9	9147
1229	9148
5410	9149
8847	9150
8658	9151
759	9152
8257	9153
6749	9154
5789	9155
6728	9156
7198	9157
3936	9158
8391	9159
2139	9160
7793	9161
1710	9162
35	9163
4547	9164
6947	9165
6559	9166
6249	9167
6847	9168
9256	9169
4869	9170
8671	9171
7174	9172
982	9173
2920	9174
6230	9175
51	9176
2053	9177
3623	9178
7654	9179
4899	9180
647	9181
8041	9182
3273	9183
7535	9184
7531	9185
9055	9186
767	9187
9015	9188
4865	9189
373	9190
3849	9191
8620	9192
748	9193
479	9194
3471	9195
6076	9196
8974	9197
7846	9198
2299	9199
3079	9200
2735	9201
7662	9202
5498	9203
1512	9204
7795	9205
2040	9206
8234	9207
5967	9208
2290	9209
6582	9210
1752	9211
3556	9212
6289	9213
8696	9214
1552	9215
5061	9216
9297	9217
952	9218
2837	9219
6084	9220
7008	9221
4386	9222
5730	9223
4837	9224
5246	9225
3762	9226
5878	9227
6138	9228
7253	9229
6466	9230
5188	9231
1867	9232
8102	9233
2098	9234
6310	9235
1971	9236
4834	9237
629	9238
49	9239
8997	9240
8988	9241
2613	9242
7395	9243
213	9244
3957	9245
7858	9246
163	9247
4113	9248
5942	9249
2814	9250
2485	9251
2955	9252
5699	9253
170	9254
9533	9255
6792	9256
1595	9257
3856	9258
9506	9259
351	9260
6074	9261
5999	9262
2948	9263
6865	9264
48	9265
8068	9266
697	9267
8445	9268
5102	9269
2710	9270
435	9271
2574	9272
3925	9273
9461	9274
138	9275
9755	9276
2496	9277
1153	9278
3006	9279
856	9280
2488	9281
5279	9282
7569	9283
5280	9284
7526	9285
991	9286
2077	9287
9663	9288
8103	9289
1933	9290
4495	9291
2575	9292
9245	9293
8182	9294
8186	9295
118	9296
1844	9297
7547	9298
4552	9299
3173	9300
8633	9301
8303	9302
770	9303
9336	9304
4067	9305
1956	9306
7964	9307
8003	9308
8312	9309
1520	9310
66	9311
9793	9312
3298	9313
1912	9314
7273	9315
9764	9316
4739	9317
5266	9318
5036	9319
2594	9320
5562	9321
1792	9322
50	9323
7132	9324
8039	9325
2868	9326
6504	9327
117	9328
3819	9329
3180	9330
6335	9331
3094	9332
1686	9333
2411	9334
5531	9335
8045	9336
9774	9337
4823	9338
652	9339
8240	9340
2395	9341
9061	9342
2590	9343
9335	9344
1134	9345
6021	9346
8450	9347
9580	9348
8551	9349
6675	9350
9526	9351
4509	9352
6015	9353
368	9354
5743	9355
7391	9356
2465	9357
7633	9358
1895	9359
3371	9360
3321	9361
4055	9362
7418	9363
7813	9364
8509	9365
1236	9366
3456	9367
998	9368
5369	9369
5726	9370
7915	9371
87	9372
5755	9373
9194	9374
2013	9375
2288	9376
454	9377
9104	9378
8123	9379
2570	9380
9493	9381
4841	9382
9228	9383
2300	9384
5283	9385
9740	9386
5602	9387
6325	9388
5464	9389
9596	9390
3613	9391
5285	9392
2076	9393
9794	9394
6046	9395
9357	9396
392	9397
4883	9398
2982	9399
3971	9400
8430	9401
928	9402
5229	9403
4109	9404
4926	9405
8594	9406
6195	9407
4201	9408
8117	9409
3633	9410
9540	9411
5147	9412
6966	9413
9222	9414
6439	9415
939	9416
8142	9417
658	9418
1680	9419
3546	9420
9451	9421
5581	9422
3289	9423
9564	9424
2693	9425
6513	9426
4947	9427
4240	9428
8464	9429
4222	9430
4782	9431
1793	9432
7631	9433
4064	9434
3004	9435
4217	9436
5825	9437
9368	9438
8844	9439
6198	9440
3115	9441
9351	9442
5028	9443
9690	9444
2019	9445
5164	9446
1012	9447
6243	9448
8308	9449
5675	9450
3680	9451
8460	9452
9827	9453
6637	9454
2541	9455
314	9456
1301	9457
2750	9458
5306	9459
9412	9460
3788	9461
2625	9462
6533	9463
542	9464
3707	9465
5989	9466
9033	9467
5026	9468
5256	9469
3073	9470
4960	9471
9538	9472
9817	9473
8002	9474
4635	9475
9719	9476
71	9477
7656	9478
96	9479
31	9480
3281	9481
5529	9482
8931	9483
4409	9484
8458	9485
5012	9486
7970	9487
5254	9488
8769	9489
5110	9490
8121	9491
4378	9492
233	9493
9155	9494
3024	9495
3990	9496
8904	9497
4614	9498
4308	9499
509	9500
9211	9501
3117	9502
6726	9503
4806	9504
3185	9505
5606	9506
9077	9507
1537	9508
6849	9509
8180	9510
3561	9511
1360	9512
863	9513
6168	9514
7030	9515
7127	9516
5377	9517
2662	9518
7901	9519
5923	9520
6532	9521
6404	9522
7053	9523
1440	9524
8281	9525
9728	9526
3571	9527
9786	9528
6193	9529
563	9530
4293	9531
8547	9532
466	9533
8536	9534
65	9535
8132	9536
8061	9537
6567	9538
3534	9539
6955	9540
9024	9541
86	9542
4718	9543
4068	9544
8835	9545
1808	9546
5113	9547
5870	9548
5516	9549
9619	9550
6189	9551
2614	9552
1211	9553
2679	9554
8452	9555
6560	9556
4278	9557
4781	9558
5324	9559
6435	9560
3078	9561
4967	9562
3335	9563
6838	9564
4163	9565
8702	9566
3033	9567
5104	9568
7358	9569
5560	9570
1857	9571
2732	9572
4873	9573
6852	9574
2215	9575
9439	9576
8514	9577
5884	9578
9036	9579
8705	9580
7050	9581
4536	9582
6219	9583
437	9584
2592	9585
3228	9586
9514	9587
3112	9588
324	9589
6930	9590
5968	9591
6034	9592
3069	9593
8785	9594
1952	9595
4986	9596
5615	9597
2017	9598
9527	9599
2730	9600
1452	9601
2440	9602
4737	9603
8244	9604
4057	9605
8507	9606
2875	9607
6627	9608
9265	9609
2303	9610
6606	9611
7925	9612
5814	9613
7106	9614
5646	9615
9037	9616
2577	9617
1023	9618
6644	9619
3730	9620
4752	9621
711	9622
4654	9623
7293	9624
9726	9625
469	9626
4002	9627
7988	9628
923	9629
8067	9630
1531	9631
5665	9632
7956	9633
9623	9634
3770	9635
8006	9636
5593	9637
5906	9638
5371	9639
967	9640
1817	9641
3208	9642
6696	9643
5195	9644
2876	9645
9184	9646
9629	9647
3704	9648
7076	9649
6938	9650
8323	9651
8174	9652
2089	9653
5450	9654
7254	9655
6664	9656
5911	9657
6526	9658
6000	9659
5347	9660
8159	9661
8143	9662
1010	9663
7280	9664
1393	9665
677	9666
2372	9667
5187	9668
1325	9669
1954	9670
119	9671
6900	9672
113	9673
5788	9674
9422	9675
8504	9676
369	9677
3441	9678
1497	9679
6343	9680
7763	9681
1380	9682
6368	9683
8703	9684
8510	9685
4493	9686
7599	9687
4139	9688
1773	9689
6440	9690
6415	9691
5762	9692
5929	9693
5198	9694
1254	9695
3155	9696
589	9697
226	9698
445	9699
3671	9700
2989	9701
7648	9702
7644	9703
1522	9704
4798	9705
7415	9706
5493	9707
3009	9708
9784	9709
1319	9710
6934	9711
8933	9712
8539	9713
2870	9714
9454	9715
6769	9716
8447	9717
6989	9718
2839	9719
8674	9720
6152	9721
3758	9722
9063	9723
807	9724
8202	9725
8474	9726
1669	9727
2241	9728
1184	9729
2294	9730
132	9731
3610	9732
8098	9733
5430	9734
9415	9735
6797	9736
6413	9737
8575	9738
3847	9739
3643	9740
638	9741
1044	9742
571	9743
9807	9744
1428	9745
651	9746
6592	9747
9341	9748
4523	9749
2177	9750
7322	9751
506	9752
5161	9753
7603	9754
8581	9755
2971	9756
902	9757
7316	9758
4787	9759
5167	9760
8737	9761
7441	9762
5988	9763
6226	9764
6873	9765
2800	9766
3635	9767
9301	9768
3850	9769
3498	9770
2397	9771
6455	9772
979	9773
8337	9774
3291	9775
9338	9776
9337	9777
5655	9778
7979	9779
4426	9780
2676	9781
2452	9782
378	9783
1718	9784
9599	9785
106	9786
7579	9787
830	9788
5367	9789
6313	9790
126	9791
5701	9792
9469	9793
6001	9794
9468	9795
3599	9796
3585	9797
2633	9798
8377	9799
1166	9800
9280	9801
8472	9802
1213	9803
5097	9804
4393	9805
8122	9806
5291	9807
6181	9808
7615	9809
8873	9810
8663	9811
5721	9812
6868	9813
7681	9814
5549	9815
107	9816
2202	9817
6464	9818
512	9819
2731	9820
5833	9821
7455	9822
6154	9823
8090	9824
2350	9825
5521	9826
2833	9827
389	9828
9438	9829
3320	9830
538	9831
1267	9832
7910	9833
4788	9834
6505	9835
8668	9836
1951	9837
3283	9838
7980	9839
7990	9840
1724	9841
3838	9842
143	9843
6140	9844
3446	9845
7830	9846
9379	9847
9000	9848
5144	9849
7778	9850
4937	9851
4898	9852
6721	9853
5132	9854
7716	9855
6752	9856
5439	9857
9745	9858
3512	9859
4459	9860
9109	9861
905	9862
5360	9863
8735	9864
477	9865
3460	9866
2191	9867
7195	9868
6375	9869
8661	9870
7039	9871
3400	9872
4785	9873
1755	9874
8398	9875
6241	9876
7841	9877
5235	9878
7642	9879
3233	9880
919	9881
7263	9882
54	9883
4047	9884
6676	9885
6784	9886
203	9887
4701	9888
356	9889
4381	9890
1708	9891
1833	9892
3488	9893
9246	9894
5332	9895
5886	9896
8569	9897
28	9898
1181	9899
6740	9900
3566	9901
4573	9902
8801	9903
3048	9904
4779	9905
4743	9906
5960	9907
5035	9908
6136	9909
6554	9910
1238	9911
462	9912
8195	9913
7509	9914
1579	9915
3732	9916
5218	9917
1375	9918
6361	9919
5192	9920
745	9921
9148	9922
7015	9923
6406	9924
2028	9925
4133	9926
5994	9927
5373	9928
4691	9929
5688	9930
1846	9931
8178	9932
9706	9933
8818	9934
3226	9935
3065	9936
6164	9937
845	9938
3557	9939
1847	9940
7424	9941
60	9942
3624	9943
8162	9944
1457	9945
5853	9946
7973	9947
2578	9948
6953	9949
5829	9950
6870	9951
3796	9952
8110	9953
7577	9954
6551	9955
854	9956
6683	9957
11	9958
8879	9959
28	9960
133	9961
4838	9962
9231	9963
5201	9964
6520	9965
4288	9966
2726	9967
3153	9968
2646	9969
2742	9970
6783	9971
2497	9972
304	9973
1572	9974
6359	9975
1648	9976
5484	9977
4317	9978
5683	9979
528	9980
5245	9981
1318	9982
7927	9983
8380	9984
2337	9985
3550	9986
9248	9987
7102	9988
1183	9989
3310	9990
8937	9991
9043	9992
1848	9993
3881	9994
3880	9995
2925	9996
5199	9997
8480	9998
3528	9999
1700	10000
